yr,team,regional,round,nickname,conference,record,seed,natseed,host,suphost
1947,Yale,East,District 1,Bulldogs,,,,,,
1947,NYU,East,District 2,Violets,,,,,,
1947,Alabama,East,District 3,Crimson Tide,SEC,,,,,
1947,Auburn,East,District 3,Tigers,SEC,,,,,
1947,Clemson,East,District 3,Tigers,Southern,,,,,
1947,Virginia,East,District 3,Cavaliers,Southern,,,,,
1947,Illinois,East,District 4,Fighting Illini,Big10,,,,,
1947,Oklahoma,West,District 5,Sooners,Big8,,,,,
1947,Oklahoma St.,West,District 5,Cowboys,MVC,,,,,
1947,Texas,West,District 6,Longhorns,SWC,,,,,
1947,Denver,West,District 7,Pioneers,Skyline?,,,,,
1947,California,West,District 8,Golden Bears,Pac12,,,,,
1948,Yale,East,District 1,Bulldogs,,,,,,
1948,Lafayette,East,District 2,Leopards,,,,,,
1948,Navy,East,District 2,Midshipmen,,,,,,
1948,Rutgers,East,District 2,Scarlet Knights,,,,,,
1948,West Virginia,East,District 2,Mountaineers,,,,,,
1948,Alabama,East,District 3,Crimson Tide,SEC,,,,,
1948,G. Washington,East,District 3,Colonials,Southern,,,,,
1948,Georgia Tech,East,District 3,Yellow Jackets,SEC,,,,,
1948,North Carolina,East,District 3,Tar Heels,Southern,,,,,
1948,Illinois,East,District 4,Fighting Illini,Big10,,,,,
1948,Michigan,East,District 4,Wolverines,Big10,,,,,
1948,Ohio,East,District 4,Bobcats,MAC,,,,,
1948,Western Mich.,East,District 4,Broncos,MAC,,,,,
1948,Nebraska,West,District 5,Cornhuskers,Big8,,,,,
1948,Oklahoma St.,West,District 5,Cowboys,MVC,,,,,
1948,Baylor,West,District 6,Bears,SWC,,,,,
1948,Denver,West,District 7,Pioneers,Skyline?,,,,,
1948,Northern Colo.,West,District 7,Bears,RMAC?,,,,,
1948,USC,West,District 8,Trojans,Pac12,,,,,
1949,Boston College,East,District 1,Eagles,Indep,,,,,
1949,Penn State,East,District 2,Nittany Lions,,,,,,
1949,Rutgers,East,District 2,Scarlet Knights,,,,,,
1949,Seton Hall,East,District 2,Pirates,,,,,,
1949,St. John's,East,District 2,Red Storm,,,,,,
1949,Kentucky,Mideast,District 3,Wildcats,SEC,,,,,
1949,Miss State,Mideast,District 3,Bulldogs,SEC,,,,,
1949,Richmond,Mideast,District 3,Spiders,,,,,,
1949,Wake Forest,Mideast,District 3,Demon Deacons,Southern,,,,,
1949,Indiana,Mideast,District 4,Hoosiers,Big10,,,,,
1949,Notre Dame,Mideast,District 4,Fighting Irish,Indep,,,,,
1949,Purdue,Mideast,District 4,Boilermakers,Big10,,,,,
1949,Western Mich.,Mideast,District 4,Broncos,MAC,,,,,
1949,Kansas,Midwest,District 5,Jayhawks,Big8,,,,,
1949,Oklahoma St.,Midwest,District 5,Cowboys,MVC,,,,,
1949,Texas,Midwest,District 6,Longhorns,SWC,,,,,
1949,Northern Colo.,West,District 7,Bears,RMAC?,,,,,
1949,USC,West,District 8,Trojans,Pac12,,,,,
1950,Tufts,District 1,,Jumbos,,,,,,
1950,Rutgers,District 2,,Scarlet Knights,,,,,,
1950,Alabama,District 3,,Crimson Tide,SEC,,,,,
1950,Clemson,District 3,,Tigers,Southern,,,,,
1950,Kentucky,District 3,,Wildcats,SEC,,,,,
1950,Wake Forest,District 3,,Demon Deacons,Southern,,,,,
1950,Michigan St.,District 4,,Spartans,Indep,,,,,
1950,Ohio,District 4,,Bobcats,MAC,,,,,
1950,Western Mich.,District 4,,Broncos,MAC,,,,,
1950,Wisconsin,District 4,,Badgers,Big10,,,,,
1950,Bradley,District 5,,Braves,MVC,,,,,
1950,Nebraska,District 5,,Cornhuskers,Big8,,,,,
1950,Arizona,District 6,,Wildcats,Border?,,,,,
1950,Texas,District 6,,Longhorns,SWC,,,,,
1950,Colorado St.,District 7,,Rams,Skyline?,,,,,
1950,Northern Colo.,District 7,,Bears,RMAC?,,,,,
1950,Washington St.,District 8,,Cougars,Pac12,,,,,
1951,Brown,District 1,,Bears,,,,,,
1951,Springfield,District 1,,Pride,,,,,,
1951,Princeton,District 2,,Tigers,EIBL,,,,,
1951,Tennessee,District 3,,Volunteers,SEC,,,,,
1951,Ohio State,District 4,,Buckeyes,Big10,,,,,
1951,Western Mich.,District 4,,Broncos,MAC,,,,,
1951,Houston,District 5,,Cougars,MVC,,,,,
1951,Oklahoma,District 5,,Sooners,Big8,,,,,
1951,Arizona,District 6,,Wildcats,Border?,,,,,
1951,Texas A&M,District 6,,Aggies,SWC,,,,,
1951,Northern Colo.,District 7,,Bears,RMAC?,,,,,
1951,Utah,District 7,,Utes,Skyline?,,,,,
1951,USC,District 8,,Trojans,Pac12,,,,,
1952,Holy Cross,District 1,,Crusaders,Indep,,,,,
1952,Fordham,District 2,,Rams,,,,,,
1952,Penn State,District 2,,Nittany Lions,Indep,,,,,
1952,St. John's,District 2,,Red Storm,,,,,,
1952,Villanova,District 2,,Wildcats,,,,,,
1952,Duke,District 3,,Blue Devils,Southern,,,,,
1952,Florida,District 3,,Gators,SEC,,,,,
1952,Rollins,District 3,,Tars,,,,,,
1952,Tennessee,District 3,,Volunteers,SEC,,,,,
1952,Illinois,District 4,,Fighting Illini,Big10,,,,,
1952,Ohio,District 4,,Bobcats,MAC,,,,,
1952,Western Mich.,District 4,,Broncos,MAC,,,,,
1952,Wisconsin,District 4,,Badgers,Big10,,,,,
1952,Missouri,District 5,,Tigers,Big8,,,,,
1952,St. Louis,District 5,,Billikens,MVC,,,,,
1952,Arizona,District 6,,Wildcats,Border?,,,,,
1952,Texas,District 6,,Longhorns,SWC,,,,,
1952,BYU,District 7,,Cougars,Skyline?,,,,,
1952,Northern Colo.,District 7,,Bears,RMAC?,,,,,
1952,Fresno St.,District 8,,Bulldogs,,,,,,
1952,Oregon St.,District 8,,Beavers,Pac12,,,,,
1953,Boston College,District 1,,Eagles,Indep,,,,,
1953,Holy Cross,District 1,,Crusaders,,,,,,
1953,Springfield,District 1,,Pride,,,,,,
1953,Trinity Conn.,District 1,,Bantams,,,,,,
1953,Fordham,District 2,,Rams,,,,,,
1953,Lafayette,District 2,,Leopards,,,,,,
1953,Penn State,District 2,,Nittany Lions,,,,,,
1953,Pittsburgh,District 2,,Panthers,,,,,,
1953,Duke,District 3,,Blue Devils,Southern,,,,,
1953,Georgia,District 3,,Bulldogs,SEC,,,,,
1953,Miss State,District 3,,Bulldogs,SEC,,,,,
1953,Rollins,District 3,,Tars,,,,,,
1953,Michigan,District 4,,Wolverines,Big10,,,,,
1953,Ohio,District 4,,Bobcats,MAC,,,,,
1953,Houston,District 5,,Cougars,MVC,,,,,
1953,Oklahoma,District 5,,Sooners,Big8,,,,,
1953,Arizona,District 6,,Wildcats,Border?,,,,,
1953,Texas,District 6,,Longhorns,SWC,,,,,
1953,Northern Colo.,District 7,,Bears,RMAC?,,,,,
1953,Utah,District 7,,Utes,Skyline?,,,,,
1953,San Diego St.,District 8,,Aztecs,,,,,,
1953,Seattle,District 8,,Redhawks,,,,,,
1953,Stanford,District 8,,Cardinal,Pac12,,,,,
1953,USC,District 8,,Trojans,Pac12,,,,,
1954,Boston U.,District 1,,Terriers,,,,,,
1954,Holy Cross,District 1,,Crusaders,Indep,,,,,
1954,Massachusetts,District 1,,Minutemen,Yankee?,,,,,
1954,Springfield,District 1,,Pride,,,,,,
1954,Lafayette,District 2,,Leopards,,,,,,
1954,Navy,District 2,,Midshipmen,EIBL,,,,,
1954,St. John's,District 2,,Red Storm,,,,,,
1954,Villanova,District 2,,Wildcats,,,,,,
1954,Clemson,District 3,,Tigers,ACC,,,,,
1954,Rollins,District 3,,Tars,,,,,,
1954,Virginia Tech,District 3,,Hokies,Southern,,,,,
1954,Ashland,District 4,,Eagles,,,,,,
1954,Michigan St.,District 4,,Spartans,Big10,,,,,
1954,Ohio,District 4,,Bobcats,MAC,,,,,
1954,Missouri,District 5,,Tigers,Big8,,,,,
1954,Oklahoma St.,District 6,,Cowboys,MVC,,,,,
1954,Texas,District 6,,Longhorns,SWC,,,,,
1954,Arizona,District 7,,Wildcats,Border?,,,,,
1954,Northern Colo.,District 7,,Bears,RMAC?,,,,,
1954,Wyoming,District 7,,Cowboys,Skyline?,,,,,
1954,Fresno St.,District 8,,Bulldogs,CCAA?,,,,,
1954,Oregon,District 8,,Ducks,Pac12,,,,,
1954,Seattle,District 8,,Redhawks,,,,,,
1954,USC,District 8,,Trojans,Pac12,,,,,
1955,Boston College,District 1,,Eagles,Indep,,,,,
1955,Holy Cross,District 1,,Crusaders,Indep,,,,,
1955,Massachusetts,District 1,,Minutemen,Yankee?,,,,,
1955,Springfield,District 1,,Pride,,,,,,
1955,Colgate,District 2,,Raiders,,,,,,
1955,Ithaca,District 2,,Bombers,,,,,,
1955,Lafayette,District 2,,Leopards,,,,,,
1955,Penn State,District 2,,Nittany Lions,Indep,,,,,
1955,Rollins,District 3,,Tars,,,,,,
1955,Wake Forest,District 3,,Demon Deacons,ACC,,,,,
1955,West Virginia,District 3,,Mountaineers,Southern,,,,,
1955,Alma,District 4,,Scots,,,,,,
1955,Ohio State,District 4,,Buckeyes,Big10,,,,,
1955,Western Mich.,District 4,,Broncos,MAC,,,,,
1955,Oklahoma,District 5,,Sooners,Big8,,,,,
1955,Oklahoma St.,District 5,,Cowboys,MVC,,,,,
1955,Arizona,District 6,,Wildcats,Border?,,,,,
1955,Texas A&M,District 6,,Aggies,SWC,,,,,
1955,Northern Colo.,District 7,,Bears,RMAC?,,,,,
1955,Wyoming,District 7,,Cowboys,Skyline?,,,,,
1955,Fresno St.,District 8,,Bulldogs,CCAA?,,,,,
1955,Pepperdine,District 8,,Waves,Indep,,,,,
1955,San Jose St.,District 8,,Spartans,,,,,,
1955,USC,District 8,,Trojans,Pac12,,,,,
1955,Willamette,District 8,,Bearcats,,,,,,
1956,Boston U.,District 1,,Terriers,,,,,,
1956,Massachusetts,District 1,,Minutemen,Yankee?,,,,,
1956,New Hampshire,District 1,,Wildcats,,,,,,
1956,Vermont,District 1,,Catamounts,,,,,,
1956,Delaware,District 2,,Blue Hens,Middle Atlantic,,,,,
1956,NYU,District 2,,Violets,,,,,,
1956,Penn State,District 2,,Nittany Lions,Indep,,,,,
1956,St. John's,District 2,,Red Storm,,,,,,
1956,Duke,District 3,,Blue Devils,ACC,,,,,
1956,Florida St.,District 3,,Seminoles,FL?,,,,,
1956,Mississippi,District 3,,Rebels,SEC,,,,,
1956,Tennessee Tech,District 3,,Golden Eagles,OVC,,,,,
1956,Cincinnati,District 4,,Bearcats,Indep,,,,,
1956,Minnesota,District 4,,Golden Gophers,Big10,,,,,
1956,Notre Dame,District 4,,Fighting Irish,Indep,,,,,
1956,Ohio,District 4,,Bobcats,MAC,,,,,
1956,Bradley,District 5,,Braves,MVC,,,,,
1956,North Dakota St.,District 5,,Bison,,,,,,
1956,Oklahoma,District 5,,Sooners,Big8,,,,,
1956,Arizona,District 6,,Wildcats,Border?,,,,,
1956,TCU,District 6,,Horned Frogs,SWC,,,,,
1956,Northern Colo.,District 7,,Bears,RMAC?,,,,,
1956,Wyoming,District 7,,Cowboys,Skyline?,,,,,
1956,Washington St.,District 8,,Cougars,Pac12,,,,,
1957,Connecticut,District 1,,Huskies,Yankee,,,,,
1957,Springfield,District 1,,Pride,,,,,,
1957,Lafayette,District 2,,Leopards,,,,,,
1957,Manhattan,District 2,,Jaspers,,,,,,
1957,Penn State,District 2,,Nittany Lions,Indep,,,,,
1957,St. John's,District 2,,Red Storm,,,,,,
1957,Duke,District 3,,Blue Devils,ACC,,,,,
1957,Florida St.,District 3,,Seminoles,FL?,,,,,
1957,G. Washington,District 3,,Colonials,Southern,,,,,
1957,Ga. Southern,District 3,,Eagles,Indep,,,,,
1957,Alma,District 4,,Scots,,,,,,
1957,Northwestern,District 4,,Wildcats,Big10,,,,,
1957,Notre Dame,District 4,,Fighting Irish,Indep,,,,,
1957,Western Mich.,District 4,,Broncos,MAC,,,,,
1957,Bradley,District 5,,Braves,MVC,,,,,
1957,Iowa State,District 5,,Cyclones,Big8,,,,,
1957,Arizona,District 6,,Wildcats,Border?,,,,,
1957,Texas,District 6,,Longhorns,SWC,,,,,
1957,Denver,District 7,,Pioneers,Skyline?,,,,,
1957,Northern Colo.,District 7,,Bears,RMAC?,,,,,
1957,California,District 8,,Golden Bears,Pac12,,,,,
1957,Pepperdine,District 8,,Waves,Indep,,,,,
1957,Portland,District 8,,Pilots,Indep,,,,,
1958,Colby,District 1,,Mules,,,,,,
1958,Connecticut,District 1,,Huskies,Yankee,,,,,
1958,Dartmouth,District 1,,Big Green,EIBL,,,,,
1958,Holy Cross,District 1,,Crusaders,Indep,,,,,
1958,Lafayette,District 2,,Leopards,,,,,,
1958,NYU,District 2,,Violets,,,,,,
1958,Penn State,District 2,,Nittany Lions,Indep,,,,,
1958,Villanova,District 2,,Wildcats,,,,,,
1958,Clemson,District 3,,Tigers,ACC,,,,,
1958,Florida,District 3,,Gators,SEC,,,,,
1958,Florida St.,District 3,,Seminoles,Indep,,,,,
1958,G. Washington,District 3,,Colonials,Southern,,,,,
1958,Minnesota,District 4,,Golden Gophers,Big10,,,,,
1958,Notre Dame,District 4,,Fighting Irish,Indep,,,,,
1958,Valparaiso,District 4,,Crusaders,Indiana?,,,,,
1958,Western Mich.,District 4,,Broncos,MAC,,,,,
1958,Missouri,District 5,,Tigers,Big8,,,,,
1958,Northern Iowa,District 5,,Panthers,NCC?,,,,,
1958,Arizona,District 6,,Wildcats,Border?,,,,,
1958,Houston,District 6,,Cougars,MVC,,,,,
1958,Texas,District 6,,Longhorns,SWC,,,,,
1958,BYU,District 7,,Cougars,Skyline?,,,,,
1958,Northern Colo.,District 7,,Bears,RMAC?,,,,,
1958,Occidental,District 8,,Tigers,,,,,,
1958,Portland,District 8,,Pilots,Indep,,,,,
1958,USC,District 8,,Trojans,Pac12,,,,,
1959,Connecticut,District 1,,Huskies,Yankee,,,,,
1959,Ithaca,District 2,,Bombers,,,,,,
1959,Penn State,District 2,,Nittany Lions,Indep,,,,,
1959,Pittsburgh,District 2,,Panthers,,,,,,
1959,Temple,District 2,,Owls,Middle Atlantic,,,,,
1959,Clemson,District 3,,Tigers,ACC,,,,,
1959,Florida St.,District 3,,Seminoles,Indep,,,,,
1959,G. Washington,District 3,,Colonials,Southern,,,,,
1959,Georgia Tech,District 3,,Yellow Jackets,SEC,,,,,
1959,Detroit,District 4,,Titans,,,,,,
1959,Minnesota,District 4,,Golden Gophers,Big10,,,,,
1959,Notre Dame,District 4,,Fighting Irish,Indep,,,,,
1959,Western Mich.,District 4,,Broncos,MAC,,,,,
1959,Bradley,District 5,,Braves,MVC,,,,,
1959,Oklahoma St.,District 5,,Cowboys,Big8,,,,,
1959,Arizona,District 6,,Wildcats,Border?,,,,,
1959,Texas A&M,District 6,,Aggies,SWC,,,,,
1959,Northern Colo.,District 7,,Bears,RMAC?,,,,,
1959,Utah,District 7,,Utes,Skyline?,,,,,
1959,Fresno St.,District 8,,Bulldogs,CCAA?,,,,,
1959,Santa Clara,District 8,,Broncos,,,,,,
1959,Washington,District 8,,Huskies,Pac12,,,,,
1960,American Intl.,District 1,,Yellow Jackets,,,,,,
1960,Boston College,District 1,,Eagles,Indep,,,,,
1960,Connecticut,District 1,,Huskies,Yankee,,,,,
1960,Holy Cross,District 1,,Crusaders,Indep,,,,,
1960,Colgate,District 2,,Raiders,,,,,,
1960,Delaware,District 2,,Blue Hens,Middle Atlantic,,,,,
1960,St. John's,District 2,,Red Storm,,,,,,
1960,Villanova,District 2,,Wildcats,,,,,,
1960,Citadel,District 3,,Bulldogs,Southern,,,,,
1960,Fla. Southern,District 3,,Moccasins,,,,,,
1960,Florida,District 3,,Gators,SEC,,,,,
1960,North Carolina,District 3,,Tar Heels,ACC,,,,,
1960,Detroit,District 4,,Titans,,,,,,
1960,Minnesota,District 4,,Golden Gophers,Big10,,,,,
1960,Notre Dame,District 4,,Fighting Irish,Indep,,,,,
1960,Ohio,District 4,,Bobcats,MAC,,,,,
1960,Oklahoma St.,District 5,,Cowboys,Big8,,,,,
1960,Arizona,District 6,,Wildcats,Border?,,,,,
1960,Houston,District 6,,Cougars,MVC,,,,,
1960,Texas,District 6,,Longhorns,SWC,,,,,
1960,Northern Colo.,District 7,,Bears,RMAC?,,,,,
1960,Utah,District 7,,Utes,Skyline?,,,,,
1960,Pepperdine,District 8,,Waves,Indep,,,,,
1960,USC,District 8,,Trojans,Pac12S,,,,,
1960,Washington St.,District 8,,Cougars,Pac12N,,,,,
1961,Boston College,District 1,,Eagles,Indep,,,,,
1961,Colby,District 1,,Mules,,,,,,
1961,Connecticut,District 1,,Huskies,Yankee,,,,,
1961,Springfield,District 1,,Pride,,,,,,
1961,Delaware,District 2,,Blue Hens,Middle Atlantic,,,,,
1961,St. John's,District 2,,Red Storm,,,,,,
1961,Syracuse,District 2,,Orange,,,,,,
1961,Villanova,District 2,,Wildcats,,,,,,
1961,Duke,District 3,,Blue Devils,ACC,,,,,
1961,Florida St.,District 3,,Seminoles,Indep,,,,,
1961,West Virginia,District 3,,Mountaineers,Southern,,,,,
1961,Cincinnati,District 4,,Bearcats,MVC,,,,,
1961,Detroit,District 4,,Titans,,,,,,
1961,Michigan,District 4,,Wolverines,Big10,,,,,
1961,Western Mich.,District 4,,Broncos,MAC,,,,,
1961,Northern Iowa,District 5,,Panthers,NCC?,,,,,
1961,Oklahoma St.,District 5,,Cowboys,Big8,,,,,
1961,Arizona,District 6,,Wildcats,Border?,,,,,
1961,Texas,District 6,,Longhorns,SWC,,,,,
1961,Air Force,District 7,,Falcons,Indep,,,,,
1961,Northern Colo.,District 7,,Bears,RMAC?,,,,,
1961,Wyoming,District 7,,Cowboys,Skyline?,,,,,
1961,Fresno St.,District 8,,Bulldogs,CCAA?,,,,,
1961,USC,District 8,,Trojans,Pac12S,,,,,
1961,Washington St.,District 8,,Cougars,Pac12N,,,,,
1962,Boston College,District 1,,Eagles,Indep,,,,,
1962,Bridgeport,District 1,,Purple Knights,,,,,,
1962,Holy Cross,District 1,,Crusaders,Indep,,,,,
1962,Vermont,District 1,,Catamounts,Yankee,,,,,
1962,Gettysburg,District 2,,Bullets,Middle Atlantic,,,,,
1962,Ithaca,District 2,,Bombers,,,,,,
1962,Penn State,District 2,,Nittany Lions,Indep,,,,,
1962,St. John's,District 2,,Red Storm,,,,,,
1962,Florida,District 3,,Gators,SEC,,,,,
1962,Florida St.,District 3,,Seminoles,Indep,,,,,
1962,Wake Forest,District 3,,Demon Deacons,ACC,,,,,
1962,West Virginia,District 3,,Mountaineers,Southern,,,,,
1962,Detroit,District 4,,Titans,,,,,,
1962,Illinois,District 4,,Fighting Illini,Big10,,,,,
1962,Michigan,District 4,,Wolverines,Big10,,,,,
1962,Western Mich.,District 4,,Broncos,MAC,,,,,
1962,Bradley,District 5,,Braves,MVC,,,,,
1962,Missouri,District 5,,Tigers,Big8,,,,,
1962,Arizona,District 6,,Wildcats,Border?,,,,,
1962,Texas,District 6,,Longhorns,SWC,,,,,
1962,Air Force,District 7,,Falcons,Indep,,,,,
1962,BYU,District 7,,Cougars,Skyline?,,,,,
1962,New Mexico,District 7,,Lobos,Skyline?,,,,,
1962,Northern Colo.,District 7,,Bears,RMAC?,,,,,
1962,Fresno St.,District 8,,Bulldogs,CCAA?,,,,,
1962,Oregon St.,District 8,,Beavers,Pac12N,,,,,
1962,Santa Clara,District 8,,Broncos,Pac12S,,,,,
1963,Boston College,District 1,,Eagles,Indep,,,,,
1963,Connecticut,District 1,,Huskies,Yankee,,,,,
1963,Holy Cross,District 1,,Crusaders,Indep,,,,,
1963,Providence,District 1,,Friars,,,,,,
1963,Penn State,District 2,,Nittany Lions,Indep,,,,,
1963,Rider,District 2,,Broncs,,,,,,
1963,St. John's,District 2,,Red Storm,,,,,,
1963,Temple,District 2,,Owls,Middle Atlantic,,,,,
1963,Auburn,District 3,,Tigers,SEC,,,,,
1963,Florida St.,District 3,,Seminoles,Indep,,,,,
1963,Wake Forest,District 3,,Demon Deacons,ACC,,,,,
1963,West Virginia,District 3,,Mountaineers,Southern,,,,,
1963,Illinois,District 4,,Fighting Illini,Big10,,,,,
1963,Notre Dame,District 4,,Fighting Irish,Indep,,,,,
1963,Valparaiso,District 4,,Crusaders,Indiana?,,,,,
1963,Western Mich.,District 4,,Broncos,MAC,,,,,
1963,Missouri,District 5,,Tigers,Big8,,,,,
1963,St. Louis,District 5,,Billikens,MVC,,,,,
1963,Texas,District 6,,Longhorns,SWC,,,,,
1963,Arizona,District 7,,Wildcats,WAC,,,,,
1963,Northern Colo.,District 7,,Bears,RMAC?,,,,,
1963,Oregon St.,District 8,,Beavers,Pac12N,,,,,
1963,USC,District 8,,Trojans,Pac12S,,,,,
1964,Maine,District 1,,Black Bears,Yankee,,,,,
1964,Northeastern,District 1,,Huskies,,,,,,
1964,Ithaca,District 2,,Bombers,,,,,,
1964,La Salle,District 2,,Explorers,Middle Atlantic,,,,,
1964,Seton Hall,District 2,,Pirates,,,,,,
1964,St. John's,District 2,,Red Storm,,,,,,
1964,East Carolina,District 3,,Pirates,Indep,,,,,
1964,Mississippi,District 3,,Rebels,SEC,,,,,
1964,North Carolina,District 3,,Tar Heels,ACC,,,,,
1964,West Virginia,District 3,,Mountaineers,Southern,,,,,
1964,Kent State,District 4,,Golden Flashes,MAC,,,,,
1964,Minnesota,District 4,,Golden Gophers,Big10,,,,,
1964,Missouri,District 5,,Tigers,Big8,,,,,
1964,St. Louis,District 5,,Billikens,MVC,,,,,
1964,Texas A&M,District 6,,Aggies,SWC,,,,,
1964,Air Force,District 7,,Falcons,Indep,,,,,
1964,Arizona St.,District 7,,Sun Devils,WAC,,,,,
1964,Northern Colo.,District 7,,Bears,RMAC?,,,,,
1964,Cal Poly Pomona,District 8,,Broncos,,,,,,
1964,Oregon,District 8,,Ducks,Pac12N,,,,,
1964,USC,District 8,,Trojans,Pac12S,,,,,
1965,Connecticut,District 1,,Huskies,Yankee,,,,,
1965,Holy Cross,District 1,,Crusaders,Indep,,,,,
1965,Lafayette,District 2,,Leopards,Middle Atlantic,,,,,
1965,Pittsburgh,District 2,,Panthers,,,,,,
1965,Princeton,District 2,,Tigers,EIBL,,,,,
1965,Rider,District 2,,Broncs,,,,,,
1965,Florida St.,District 3,,Seminoles,Indep,,,,,
1965,Furman,District 3,,Paladins,Southern,,,,,
1965,Maryland,District 3,,Terrapins,ACC,,,,,
1965,Miss State,District 3,,Bulldogs,SEC,,,,,
1965,Ball State,District 4,,Cardinals,Indiana?,,,,,
1965,Detroit,District 4,,Titans,,,,,,
1965,Ohio,District 4,,Bobcats,MAC,,,,,
1965,Ohio State,District 4,,Buckeyes,Big10,,,,,
1965,Missouri,District 5,,Tigers,Big8,,,,,
1965,St. Louis,District 5,,Billikens,MVC,,,,,
1965,Texas,District 6,,Longhorns,SWC,,,,,
1965,Arizona St.,District 7,,Sun Devils,WAC,,,,,
1965,Denver,District 7,,Pioneers,,,,,,
1965,Northern Colo.,District 7,,Bears,RMAC?,,,,,
1965,CS Northridge,District 8,,Matadors,CCAA?,,,,,
1965,Stanford,District 8,,Cardinal,Pac12S,,,,,
1965,Washington St.,District 8,,Cougars,Pac12N,,,,,
1966,Boston College,District 1,,Eagles,Indep,,,,,
1966,Colby,District 1,,Mules,,,,,,
1966,Massachusetts,District 1,,Minutemen,Yankee,,,,,
1966,Northeastern,District 1,,Huskies,,,,,,
1966,Colgate,District 2,,Raiders,,,,,,
1966,Lafayette,District 2,,Leopards,Middle Atlantic,,,,,
1966,Rutgers,District 2,,Scarlet Knights,,,,,,
1966,St. John's,District 2,,Red Storm,,,,,,
1966,East Carolina,District 3,,Pirates,Southern,,,,,
1966,Florida St.,District 3,,Seminoles,Indep,,,,,
1966,Miss State,District 3,,Bulldogs,SEC,,,,,
1966,North Carolina,District 3,,Tar Heels,ACC,,,,,
1966,Ohio State,District 4,,Buckeyes,Big10,,,,,
1966,Southern Ill.,District 4,,Salukis,Indep,,,,,
1966,Valparaiso,District 4,,Crusaders,Indiana?,,,,,
1966,Western Mich.,District 4,,Broncos,MAC,,,,,
1966,Oklahoma St.,District 5,,Cowboys,Big8,,,,,
1966,St. Louis,District 5,,Billikens,MVC,,,,,
1966,Houston,District 6,,Cougars,Indep,,,,,
1966,Texas,District 6,,Longhorns,SWC,,,,,
1966,Air Force,District 7,,Falcons,Indep,,,,,
1966,Arizona,District 7,,Wildcats,WAC,,,,,
1966,Idaho,District 7,,Vandals,Big Sky,,,,,
1966,Northern Colo.,District 7,,Bears,RMAC?,,,,,
1966,Cal Poly Pomona,District 8,,Broncos,,,,,,
1966,Fresno St.,District 8,,Bulldogs,CCAA?,,,,,
1966,USC,District 8,,Trojans,Pac12S,,,,,
1966,Washington St.,District 8,,Cougars,Pac12N,,,,,
1967,Boston College,District 1,,Eagles,Indep,,,,,
1967,Dartmouth,District 1,,Big Green,EIBL,,,,,
1967,Holy Cross,District 1,,Crusaders,Indep,,,,,
1967,Massachusetts,District 1,,Minutemen,Yankee,,,,,
1967,Ithaca,District 2,,Bombers,,,,,,
1967,Penn State,District 2,,Nittany Lions,Indep,,,,,
1967,Rider,District 2,,Broncs,,,,,,
1967,St. John's,District 2,,Red Storm,,,,,,
1967,Auburn,District 3,,Tigers,SEC,,,,,
1967,Clemson,District 3,,Tigers,ACC,,,,,
1967,Florida St.,District 3,,Seminoles,Indep,,,,,
1967,West Virginia,District 3,,Mountaineers,Southern,,,,,
1967,Ohio State,District 4,,Buckeyes,Big10,,,,,
1967,Southern Ill.,District 4,,Salukis,Indep,,,,,
1967,Valparaiso,District 4,,Crusaders,Indiana?,,,,,
1967,Western Mich.,District 4,,Broncos,MAC,,,,,
1967,Cincinnati,District 5,,Bearcats,MVC,,,,,
1967,Oklahoma St.,District 5,,Cowboys,Big8,,,,,
1967,Houston,District 6,,Cougars,Indep,,,,,
1967,Texas,District 6,,Longhorns,SWC,,,,,
1967,Air Force,District 7,,Falcons,Indep,,,,,
1967,Arizona St.,District 7,,Sun Devils,WAC,,,,,
1967,Idaho,District 7,,Vandals,Big Sky,,,,,
1967,Fresno St.,District 8,,Bulldogs,CCAA?,,,,,
1967,Stanford,District 8,,Cardinal,Pac12,,,,,
1968,Boston U.,District 1,,Terriers,,,,,,
1968,Connecticut,District 1,,Huskies,Yankee,,,,,
1968,Harvard,District 1,,Crimson,EIBL,,,,,
1968,Providence,District 1,,Friars,,,,,,
1968,NYU,District 2,,Violets,,,,,,
1968,Rutgers,District 2,,Scarlet Knights,,,,,,
1968,St. John's,District 2,,Red Storm,,,,,,
1968,Temple,District 2,,Owls,Middle Atlantic,,,,,
1968,Alabama,District 3,,Crimson Tide,SEC,,,,,
1968,East Carolina,District 3,,Pirates,Southern,,,,,
1968,Florida St.,District 3,,Seminoles,Indep,,,,,
1968,NC State,District 3,,Wolfpack,ACC,,,,,
1968,Minnesota,District 4,,Golden Gophers,Big10,,,,,
1968,Ohio,District 4,,Bobcats,MAC,,,,,
1968,Southern Ill.,District 4,,Salukis,Indep,,,,,
1968,Valparaiso,District 4,,Crusaders,Indiana?,,,,,
1968,Bradley,District 5,,Braves,MVC,,,,,
1968,Oklahoma St.,District 5,,Cowboys,Big8,,,,,
1968,Pan American,District 6,,Broncs,Indep,,,,,
1968,Texas,District 6,,Longhorns,SWC,,,,,
1968,BYU,District 7,,Cougars,WAC,,,,,
1968,Denver,District 7,,Pioneers,,,,,,
1968,Northern Colo.,District 7,,Bears,RMAC?,,,,,
1968,Weber St.,District 7,,Wildcats,Big Sky,,,,,
1968,CS Los Angeles,District 8,,Golden Eagles,CCAA?,,,,,
1968,Santa Clara,District 8,,Broncos,WCC,,,,,
1968,USC,District 8,,Trojans,Pac12,,,,,
1969,Boston U.,District 1,,Terriers,,,,,,
1969,Dartmouth,District 1,,Big Green,EIBL,,,,,
1969,Massachusetts,District 1,,Minutemen,Yankee,,,,,
1969,Colgate,District 2,,Raiders,,,,,,
1969,NYU,District 2,,Violets,,,,,,
1969,Seton Hall,District 2,,Pirates,,,,,,
1969,Furman,District 3,,Paladins,Southern,,,,,
1969,Mississippi,District 3,,Rebels,SEC,,,,,
1969,North Carolina,District 3,,Tar Heels,ACC,,,,,
1969,Virginia Tech,District 3,,Hokies,Indep,,,,,
1969,Ball State,District 4,,Cardinals,Indep,,,,,
1969,Minnesota,District 4,,Golden Gophers,Big10,,,,,
1969,Ohio,District 4,,Bobcats,MAC,,,,,
1969,Southern Ill.,District 4,,Salukis,Indep,,,,,
1969,Oklahoma St.,District 5,,Cowboys,Big8,,,,,
1969,Tulsa,District 5,,Golden Hurricane,MVC,,,,,
1969,Texas,District 6,,Longhorns,SWC,,,,,
1969,Trinity,District 6,,Tigers,Southland?,,,,,
1969,Air Force,District 7,,Falcons,Indep,,,,,
1969,Arizona St.,District 7,,Sun Devils,WAC,,,,,
1969,Idaho,District 7,,Vandals,Big Sky,,,,,
1969,Santa Clara,District 8,,Broncos,WCC,,,,,
1969,UCLA,District 8,,Bruins,Pac12,,,,,
1970,Connecticut,District 1,,Huskies,Yankee,,,,,
1970,Dartmouth,District 1,,Big Green,EIBL,,,,,
1970,Providence,District 1,,Friars,,,,,,
1970,Delaware,District 2,,Blue Hens,Middle Atlantic,,,,,
1970,Penn State,District 2,,Nittany Lions,Indep,,,,,
1970,Rutgers,District 2,,Scarlet Knights,,,,,,
1970,Seton Hall,District 2,,Pirates,,,,,,
1970,East Carolina,District 3,,Pirates,Southern,,,,,
1970,Florida St.,District 3,,Seminoles,Indep,,,,,
1970,Maryland,District 3,,Terrapins,ACC,,,,,
1970,Miss State,District 3,,Bulldogs,SEC,,,,,
1970,Minnesota,District 4,,Golden Gophers,Big10,,,,,
1970,Notre Dame,District 4,,Fighting Irish,Indep,,,,,
1970,Ohio,District 4,,Bobcats,MAC,,,,,
1970,Southern Ill.,District 4,,Salukis,Indep,,,,,
1970,Iowa State,District 5,,Cyclones,Big8,,,,,
1970,Tulsa,District 5,,Golden Hurricane,MVC,,,,,
1970,Arkansas St.,District 6,,Red Wolves,Southland?,,,,,
1970,Pan American,District 6,,Broncs,Indep,,,,,
1970,Texas,District 6,,Longhorns,SWC,,,,,
1970,Arizona,District 7,,Wildcats,WAC,,,,,
1970,Denver,District 7,,Pioneers,,,,,,
1970,Weber St.,District 7,,Wildcats,Big Sky,,,,,
1970,Long Beach St.,District 8,,49ers,BigWest,,,,,
1970,Santa Clara,District 8,,Broncos,WCC,,,,,
1970,USC,District 8,,Trojans,Pac12,,,,,
1971,Harvard,District 1,,Crimson,EIBL,,,,,
1971,Massachusetts,District 1,,Minutemen,Yankee,,,,,
1971,Buffalo,District 2,,Bulls,,,,,,
1971,Penn State,District 2,,Nittany Lions,Indep,,,,,
1971,Seton Hall,District 2,,Pirates,,,,,,
1971,St. Joseph's,District 2,,Hawks,Middle Atlantic,,,,,
1971,Georgia Tech,District 3,,Yellow Jackets,Indep,,,,,
1971,Maryland,District 3,,Terrapins,ACC,,,,,
1971,Miami,District 3,,Hurricanes,Indep,,,,,
1971,Miss State,District 3,,Bulldogs,SEC,,,,,
1971,Cincinnati,District 4,,Bearcats,Indep,,,,,
1971,Michigan St.,District 4,,Spartans,Big10,,,,,
1971,Ohio,District 4,,Bobcats,MAC,,,,,
1971,Southern Ill.,District 4,,Salukis,Midwestern,,,,,
1971,Iowa State,District 5,,Cyclones,Big8,,,,,
1971,Tulsa,District 5,,Golden Hurricane,MVC,,,,,
1971,Pan American,District 6,,Broncs,Indep,,,,,
1971,Texas,District 6,,Longhorns,SWC,,,,,
1971,BYU,District 7,,Cougars,WAC,,,,,
1971,Gonzaga,District 7,,Bulldogs,Big Sky,,,,,
1971,San Jose St.,District 8,,Spartans,BigWest,,,,,
1971,Santa Clara,District 8,,Broncos,WCC,,,,,
1971,USC,District 8,,Trojans,Pac12,,,,,
1972,Connecticut,District 1,,Huskies,Yankee,,,,,
1972,Harvard,District 1,,Crimson,EIBL,,,,,
1972,Northeastern,District 1,,Huskies,,,,,,
1972,Providence,District 1,,Friars,,,,,,
1972,Long Island,District 2,,Sharks,Metro NY?,,,,,
1972,Penn State,District 2,,Nittany Lions,Indep,,,,,
1972,St. John's,District 2,,Red Storm,,,,,,
1972,Temple,District 2,,Owls,Middle Atlantic,,,,,
1972,Florida St.,District 3,,Seminoles,Indep,,,,,
1972,Jacksonville,District 3,,Dolphins,Indep,,,,,
1972,Mississippi,District 3,,Rebels,SEC,,,,,
1972,Richmond,District 3,,Spiders,Southern,,,,,
1972,South Alabama,District 3,,Jaguars,Indep,,,,,
1972,Virginia,District 3,,Cavaliers,ACC,,,,,
1972,Bowling Green,District 4,,Falcons,MAC,,,,,
1972,Central Mich.,District 4,,Chippewas,Indep,,,,,
1972,Iowa,District 4,,Hawkeyes,Big10,,,,,
1972,Northern Ill.,District 4,,Huskies,Midwestern,,,,,
1972,Oklahoma,District 5,,Sooners,Big8,,,,,
1972,Tulsa,District 5,,Golden Hurricane,MVC,,,,,
1972,Pan American,District 6,,Broncs,Indep,,,,,
1972,Texas,District 6,,Longhorns,SWC,,,,,
1972,Trinity,District 6,,Tigers,Southand?,,,,,
1972,Arizona St.,District 7,,Sun Devils,WAC,,,,,
1972,Weber St.,District 7,,Wildcats,Big Sky,,,,,
1972,Santa Clara,District 8,,Broncos,WCC,,,,,
1972,UCSB,District 8,,Guachos,BigWest,,,,,
1972,USC,District 8,,Trojans,Pac12,,,,,
1973,Harvard,District 1,,Crimson,EIBL,,,,,
1973,Massachusetts,District 1,,Minutemen,Yankee,,,,,
1973,Northeastern,District 1,,Huskies,,,,,,
1973,Providence,District 1,,Friars,,,,,,
1973,Buffalo,District 2,,Bulls,,,,,,
1973,Penn State,District 2,,Nittany Lions,Indep,,,,,
1973,Seton Hall,District 2,,Pirates,,,,,,
1973,Temple,District 2,,Owls,Middle Atlantic,,,,,
1973,Appalachian St.,District 3,,Mountaineers,Southern,,,,,
1973,Ga. Southern,District 3,,Eagles,Indep,,,,,
1973,Miami,District 3,,Hurricanes,Indep,,,,,
1973,NC State,District 3,,Wolfpack,ACC,,,,,
1973,South Alabama,District 3,,Jaguars,Indep,,,,,
1973,Vanderbilt,District 3,,Commodores,SEC,,,,,
1973,Marshall,District 4,,Thundering Herd,Indep,,,,,
1973,Miami Ohio,District 4,,Redhawks,MAC,,,,,
1973,Minnesota,District 4,,Golden Gophers,Big10,,,,,
1973,Southern Ill.,District 4,,Salukis,Indep,,,,,
1973,Creighton,District 5,,Bluejays,Indep,,,,,
1973,Oklahoma,District 5,,Sooners,Big8,,,,,
1973,Oral Roberts,District 5,,Golden Eagles,Indep,,,,,
1973,Tulsa,District 5,,Golden Hurricane,MVC,,,,,
1973,Arkansas,District 6,,Razorbacks,SWC,,,,,
1973,Pan American,District 6,,Broncs,Indep,,,,,
1973,Texas,District 6,,Longhorns,SWC,,,,,
1973,Trinity,District 6,,Tigers,Indep,,,,,
1973,Arizona St.,District 7,,Sun Devils,WAC,,,,,
1973,Denver,District 7,,Pioneers,,,,,,
1973,Gonzaga,District 7,,Bulldogs,Big Sky,,,,,
1973,CS Los Angeles,District 8,,Golden Eagles,BigWest,,,,,
1973,Loyola Marymount,District 8,,Lions,WCC,,,,,
1973,USC,District 8,,Trojans,Pac12,,,,,
1974,Harvard,District 1,,Crimson,EIBL,,,,,
1974,New Hampshire,District 1,,Wildcats,Yankee,,,,,
1974,Providence,District 1,,Friars,,,,,,
1974,Penn State,District 2,,Nittany Lions,Indep,,,,,
1974,Seton Hall,District 2,,Pirates,,,,,,
1974,St. John's,District 2,,Red Storm,,,,,,
1974,St. Joseph's,District 2,,Hawks,Middle Atlantic,,,,,
1974,East Carolina,District 3,,Pirates,Southern,,,,,
1974,Ga. Southern,District 3,,Eagles,Indep,,,,,
1974,Miami,District 3,,Hurricanes,Indep,,,,,
1974,NC State,District 3,,Wolfpack,ACC,,,,,
1974,South Carolina,District 3,,Gamecocks,Indep,,,,,
1974,Vanderbilt,District 3,,Commodores,SEC,,,,,
1974,Cincinnati,District 4,,Bearcats,Indep,,,,,
1974,Miami Ohio,District 4,,Redhawks,MAC,,,,,
1974,Minnesota,District 4,,Golden Gophers,Big10,,,,,
1974,Southern Ill.,District 4,,Salukis,Indep,,,,,
1974,Oklahoma,District 5,,Sooners,Big8,,,,,
1974,Tulsa,District 5,,Golden Hurricane,MVC,,,,,
1974,Louisiana Tech,District 6,,Bulldogs,Southland,,,,,
1974,Pan American,District 6,,Broncs,Indep,,,,,
1974,Texas,District 6,,Longhorns,SWC,,,,,
1974,Arizona,District 7,,Wildcats,WAC,,,,,
1974,Gonzaga,District 7,,Bulldogs,Big Sky,,,,,
1974,Northern Colo.,District 7,,Bears,,,,,,
1974,CS Los Angeles,District 8,,Golden Eagles,BigWest,,,,,
1974,Pepperdine,District 8,,Waves,WCC,,,,,
1974,USC,District 8,,Trojans,Pac12,,,,,
1975,Citadel,Atlantic,,Bulldogs,Southern,,,,,
1975,NC State,Atlantic,,Wolfpack,ACC,,,,,
1975,South Carolina,Atlantic,,Gamecocks,Indep,,,,H,
1975,Temple,Atlantic,,Owls,ECC,,,,,
1975,Clemson,Mideast,,Tigers,ACC,,,,,
1975,Eastern Mich.,Mideast,,Eagles,MAC,,,,H,
1975,Michigan,Mideast,,Wolverines,Big10,,,,,
1975,Penn State,Mideast,,Nittany Lions,Indep,,,,,
1975,Iowa,Midwest,,Hawkeyes,Big10,,,,,
1975,Oklahoma,Midwest,,Sooners,Big8,,,,H,
1975,Texas A&M,Midwest,,Aggies,SWC,,,,,
1975,Tulsa,Midwest,,Golden Hurricane,MVC,,,,,
1975,Maine,Northeast,,Black Bears,Yankee,,,,,
1975,Pennsylvania,Northeast,,Quakers,EIBL,,,,,
1975,Seton Hall,Northeast,,Pirates,,,,,,
1975,St. John's,Northeast,,Red Storm,,,,,,
1975,Arizona St.,Rocky Mountain,,Sun Devils,WAC,,,,H,
1975,Northern Colo.,Rocky Mountain,,Bears,,,,,,
1975,Puget Sound,Rocky Mountain,,Loggers,Nor Pac,,,,,
1975,Washington St.,Rocky Mountain,,Cougars,Pac12,,,,,
1975,Florida St.,South,,Seminoles,Indep,,,,,
1975,LSU,South,,Tigers,SEC,,,,,
1975,Miami,South,,Hurricanes,Indep,,,,,
1975,Murray St.,South,,Racers,OVC,,,,,
1975,Louisiana Tech,South Central,,Bulldogs,Southland,,,,,
1975,Pan American,South Central,,Broncs,Indep,,,,,
1975,South Alabama,South Central,,Jaguars,Indep,,,,,
1975,Texas,South Central,,Longhorns,SWC,,,,,
1975,Arizona,West,,Wildcats,WAC,,,,,
1975,CS Fullerton,West,,Titans,BigWest,,,,,
1975,Pepperdine,West,,Waves,WCC,,,,,
1975,USC,West,,Trojans,Pac12,,,,H,
1976,Clemson,Atlantic,,Tigers,ACC,,,,,
1976,Furman,Atlantic,,Paladins,Southern,,,,,
1976,South Carolina,Atlantic,,Gamecocks,Indep,,,,H,
1976,Virginia Tech,Atlantic,,Hokies,Indep,,,,,
1976,Eastern Mich.,Mideast,,Eagles,MAC,,,,H,
1976,Illinois St.,Mideast,,Redbirds,,,,,,
1976,Michigan,Mideast,,Wolverines,Big10,,,,,
1976,Southern Ill.,Mideast,,Salukis,MVC,,,,,
1976,Arizona,Midwest,,Wildcats,WAC,,,,,
1976,Missouri,Midwest,,Tigers,Big8,,,,,
1976,Pan American,Midwest,,Broncs,Indep,,,,H,
1976,Texas A&M,Midwest,,Aggies,SWC,,,,,
1976,Columbia,Northeast,,Lions,EIBL,,,,,
1976,Maine,Northeast,,Black Bears,ECAC/New England,,,,,
1976,Penn State,Northeast,,Nittany Lions,Indep,,,,,
1976,Seton Hall,Northeast,,Pirates,ECAC/South,,,,,
1976,St. John's,Northeast,,Red Storm,ECAC/Metro,,,,,
1976,Temple,Northeast,,Owls,ECC,,,,,
1976,Arizona St.,Rocky Mountain,,Sun Devils,WAC,,,,H,
1976,Gonzaga,Rocky Mountain,,Bulldogs,Nor Pac,,,,,
1976,Memphis,Rocky Mountain,,Tigers,Metro?,,,,,
1976,Minnesota,Rocky Mountain,,Golden Gophers,Big10,,,,,
1976,Auburn,South,,Tigers,SEC,,,,,
1976,Florida St.,South,,Seminoles,Indep,,,,H,
1976,Jacksonville,South,,Dolphins,Indep,,,,,
1976,Middle Tenn.,South,,Blue Raiders,OVC,,,,,
1976,Lamar,South Central,,Cardinals,Southland,,,,,
1976,Miami,South Central,,Hurricanes,Indep,,,,,
1976,Oklahoma,South Central,,Sooners,Big8,,,,,
1976,Texas,South Central,,Longhorns,SWC,,,,,
1976,CS Fullerton,West,,Titans,BigWest,,,,,
1976,Northern Colo.,West,,Bears,,,,,,
1976,Pepperdine,West,,Waves,WCC,,,,,
1976,Washington St.,West,,Cougars,Pac12,,,,H,
1977,East Carolina,Atlantic,,Pirates,Southern,,,,,
1977,South Alabama,Atlantic,,Jaguars,Indep,,,,,
1977,South Carolina,Atlantic,,Gamecocks,Indep,,,,H,
1977,Wake Forest,Atlantic,,Demon Deacons,ACC,,,,,
1977,Central Mich.,Mideast,,Chippewas,MAC,,,,,
1977,Florida,Mideast,,Gators,SEC,,,,,
1977,Minnesota,Mideast,,Golden Gophers,Big10,,,,H,
1977,Virginia Tech,Mideast,,Hokies,Indep,,,,,
1977,Michigan,Midwest,,Wolverines,Big10,,,,,
1977,Oklahoma,Midwest,,Sooners,Big8,,,,H,
1977,Southern Ill.,Midwest,,Salukis,MVC,,,,,
1977,Texas A&M,Midwest,,Aggies,SWC,,,,,
1977,Catholic,Northeast,,Cardinals,ECAC/Metro,,,,,
1977,Connecticut,Northeast,,Huskies,ECAC/New England,,,,H,
1977,Cornell,Northeast,,Big Red,EIBL,,,,,
1977,Seton Hall,Northeast,,Pirates,ECAC/South,,,,,
1977,St. John's,Northeast,,Red Storm,ECAC/Metro,,,,,
1977,Temple,Northeast,,Owls,ECC,,,,,
1977,Arizona St.,Rocky Mountain,,Sun Devils,WAC,,,,H,
1977,CS Fullerton,Rocky Mountain,,Titans,SCBA,,,,,
1977,Portland St.,Rocky Mountain,,Vikings,Nor Pac,,,,,
1977,Washington St.,Rocky Mountain,,Cougars,Pac12,,,,,
1977,Clemson,South,,Tigers,ACC,,,,,
1977,Miami,South,,Hurricanes,Indep,,,,H,
1977,Mississippi,South,,Rebels,SEC,,,,,
1977,Morehead St.,South,,Eagles,OVC,,,,,
1977,Baylor,South Central,,Bears,SWC,,,,,
1977,Lamar,South Central,,Cardinals,Southland,,,,,
1977,Miami Ohio,South Central,,Redhawks,MAC,,,,,
1977,New Orleans,South Central,,Privateers,Indep,,,,,
1977,CS Los Angeles,West,,Golden Eagles,SCBA,,,,,
1977,Fresno St.,West,,Bulldogs,NCBA,,,,,
1977,Hawaii,West,,Rainbow Warriors,Indep,,,,H,
1977,USC,West,,Trojans,Pac12,,,,,
1978,Clemson,Atlantic,,Tigers,ACC,,,,,
1978,Florida St.,Atlantic,,Seminoles,Metro,,,,,
1978,Marshall,Atlantic,,Thundering Herd,Southern,,,,,
1978,Miami,Atlantic,,Hurricanes,Indep,,,,H,
1978,Eastern Mich.,Mideast,,Eagles,MAC,,,,,
1978,Michigan,Mideast,,Wolverines,Big10,,,,H,
1978,Missouri,Mideast,,Tigers,Big8,,,,,
1978,Texas A&M,Mideast,,Aggies,SWC,,,,,
1978,Michigan St.,Midwest,,Spartans,Big10,,,,,
1978,Oklahoma St.,Midwest,,Cowboys,Big8,,,,,
1978,Oral Roberts,Midwest,,Golden Eagles,Indep,,,,H,
1978,Southern Ill.,Midwest,,Salukis,MVC,,,,,
1978,Delaware,Northeast,,Blue Hens,ECAC/South,,,,,
1978,Harvard,Northeast,,Crimson,EIBL,,,,,
1978,Holy Cross,Northeast,,Crusaders,ECAC/New England,,,,,
1978,Massachusetts,Northeast,,Minutemen,ECAC/New England,,,,H,
1978,St. John's,Northeast,,Red Storm,ECAC/Metro,,,,,
1978,Temple,Northeast,,Owls,ECC,,,,,
1978,Arizona St.,Rocky Mountain,,Sun Devils,WAC,,,,H,
1978,Gonzaga,Rocky Mountain,,Bulldogs,Nor Pac,,,,,
1978,UNLV,Rocky Mountain,,Rebels,Indep,,,,,
1978,Washington St.,Rocky Mountain,,Cougars,Pac12,,,,,
1978,Auburn,South,,Tigers,SEC,,,,H,
1978,ETSU,South,,Buccaneers,OVC,,,,,
1978,Memphis,South,,Tigers,Metro,,,,,
1978,North Carolina,South,,Tar Heels,ACC,,,,,
1978,Baylor,South Central,,Bears,SWC,,,,,
1978,Louisiana Tech,South Central,,Bulldogs,Southland,,,,,
1978,Miss State,South Central,,Bulldogs,SEC,,,,,
1978,Pan American,South Central,,Broncs,Indep,,,,,
1978,Arizona,West,,Wildcats,WAC,,,,,
1978,CS Fullerton,West,,Titans,SCBA,,,,,
1978,Santa Clara,West,,Broncos,NCBA,,,,,
1978,USC,West,,Trojans,Pac12,,,,H,
1979,Citadel,Atlantic,,Bulldogs,Southern,,,,,
1979,Clemson,Atlantic,,Tigers,ACC,,,,,
1979,Ga. Southern,Atlantic,,Eagles,Indep,,,,,
1979,Miami,Atlantic,,Hurricanes,Indep,,,,H,
1979,BYU,Central,,Cougars,WAC,,,,,
1979,Lamar,Central,,Cardinals,Southland,,,,,
1979,Pan American,Central,,Broncs,Indep,,,,,
1979,Texas,Central,,Longhorns,SWC,,,,H,
1979,Arkansas,East,,Razorbacks,SWC,,,,,
1979,Delaware,East,,Blue Hens,ECC,,,,,
1979,Florida,East,,Gators,SEC,,,,,
1979,Florida St.,East,,Seminoles,Metro,,,,H,
1979,G. Washington,East,,Colonials,ECAC/South,,,,,
1979,Seton Hall,East,,Pirates,ECAC/Metro,,,,,
1979,Miami Ohio,Mideast,,Redhawks,MAC,,,,,
1979,Michigan St.,Mideast,,Spartans,Big10,,,,H,
1979,Pepperdine,Mideast,,Waves,SCBA,,,,,
1979,San Diego St.,Mideast,,Aztecs,WAC,,,,,
1979,Arizona,Midwest,,Wildcats,Pac12,,,,H,
1979,Hawaii,Midwest,,Rainbow Warriors,Indep,,,,,
1979,Indiana St.,Midwest,,Sycamores,MVC,,,,,
1979,Oklahoma,Midwest,,Sooners,Big8,,,,,
1979,Connecticut,Northeast,,Huskies,ECAC/New England,,,,,
1979,Navy,Northeast,,Midshipmen,EIBL,,,,H,
1979,Nebraska,Northeast,,Cornhuskers,Big8,,,,,
1979,St. John's,Northeast,,Red Storm,ECAC/Metro,,,,,
1979,Miss State,South,,Bulldogs,SEC,,,,H,
1979,Murray St.,South,,Racers,OVC,,,,,
1979,New Orleans,South,,Privateers,SunBelt,,,,,
1979,Tulane,South,,Green Wave,Metro,,,,,
1979,CS Fullerton,West,,Titans,SCBA,,,,,
1979,Fresno St.,West,,Bulldogs,NCBA,,,,H,
1979,Portland,West,,Pilots,Nor Pac,,,,,
1979,UCLA,West,,Bruins,Pac12,,,,,
1980,Clemson,Atlantic,,Tigers,ACC,,,,H,
1980,ETSU,Atlantic,,Buccaneers,Southern,,,,,
1980,Ga. Southern,Atlantic,,Eagles,ASUN,,,,,
1980,South Carolina,Atlantic,,Gamecocks,Indep,,,,,
1980,Hawaii,Central,,Rainbow Warriors,WAC,,,,,
1980,Louisiana Tech,Central,,Bulldogs,Southland,,,,,
1980,Pan American,Central,,Broncs,Indep,,,,,
1980,Texas,Central,,Longhorns,SWC,,,,H,
1980,Delaware,East,,Blue Hens,ECC,,,,,
1980,James Madison,East,,Dukes,ECAC/South,,,,,
1980,Miami,East,,Hurricanes,Indep,,,,H,
1980,South Alabama,East,,Jaguars,SunBelt,,,,,
1980,BYU,Mideast,,Cougars,WAC,,,,,
1980,Central Mich.,Mideast,,Chippewas,MAC,,,,,
1980,Michigan,Mideast,,Wolverines,Big10,,,,H,
1980,Nebraska,Mideast,,Cornhuskers,Big8,,,,,
1980,Arkansas,Midwest,,Razorbacks,SWC,,,,,
1980,California,Midwest,,Golden Bears,Pac12,,,,,
1980,Missouri,Midwest,,Tigers,Big8,,,,,
1980,Oral Roberts,Midwest,,Golden Eagles,Indep,,,,H,
1980,UNLV,Midwest,,Rebels,Indep,,,,,
1980,Wichita St.,Midwest,,Shockers,MVC,,,,,
1980,East Carolina,Northeast,,Pirates,Indep,,,,,
1980,Harvard,Northeast,,Crimson,EIBL,,,,,
1980,Maine,Northeast,,Black Bears,ECAC/New England,,,,H,
1980,St. John's,Northeast,,Red Storm,ECAC/Metro,,,,,
1980,Florida St.,South,,Seminoles,Metro,,,,H,
1980,New Orleans,South,,Privateers,Indep,,,,,
1980,Vanderbilt,South,,Commodores,SEC,,,,,
1980,Western Ky.,South,,Hilltoppers,OVC,,,,,
1980,Arizona,West,,Wildcats,Pac12,,,,H,
1980,CS Fullerton,West,,Titans,SCBA,,,,,
1980,Fresno St.,West,,Bulldogs,NCBA,,,,,
1980,Gonzaga,West,,Bulldogs,Nor Pac,,,,,
1981,Clemson,Atlantic,,Tigers,ACC,,,,H,
1981,ETSU,Atlantic,,Buccaneers,Southern,,,,,
1981,Miss State,Atlantic,,Bulldogs,SEC,,,,,
1981,Wichita St.,Atlantic,,Shockers,MVC,,,,,
1981,BYU,Central,,Cougars,WAC,,,,,
1981,Lamar,Central,,Cardinals,Southland,,,,,
1981,Stanford,Central,,Cardinal,Pac12,,,,,
1981,Texas,Central,,Longhorns,SWC,,,,H,
1981,James Madison,East,,Dukes,ECAC/South,,,,,
1981,Memphis,East,,Tigers,Metro,,,,,
1981,South Carolina,East,,Gamecocks,Indep,,,,H,
1981,Temple,East,,Owls,ECC,,,,,
1981,Eastern Mich.,Mideast,,Eagles,MAC,,,,,
1981,Michigan,Mideast,,Wolverines,Big10,,,,H,
1981,New Orleans,Mideast,,Privateers,Indep,,,,,
1981,UNLV,Mideast,,Rebels,Indep,,,,,
1981,Oklahoma St.,Midwest,,Cowboys,Big8,,,,,
1981,Oral Roberts,Midwest,,Golden Eagles,Horizon,,,,H,
1981,San Diego St.,Midwest,,Aztecs,WAC,,,,,
1981,Southern Ill.,Midwest,,Salukis,MVC,,,,,
1981,Central Mich.,Northeast,,Chippewas,MAC,,,,,
1981,Maine,Northeast,,Black Bears,ECAC/New England,,,,,
1981,St. John's,Northeast,,Red Storm,ECAC/Metro,,,,,
1981,Yale,Northeast,,Bulldogs,EIBL,,,,H,
1981,Florida,South,,Gators,SEC,,,,,
1981,Florida St.,South,,Seminoles,Metro,,,,,
1981,Miami,South,,Hurricanes,Indep,,,,H,
1981,Middle Tenn.,South,,Blue Raiders,OVC,,,,,
1981,Minnesota,South,,Golden Gophers,Big10,,,,,
1981,Missouri,South,,Tigers,Big8,,,,,
1981,Arizona St.,West,,Sun Devils,Pac12,,,,H,
1981,CS Fullerton,West,,Titans,SCBA,,,,,
1981,Fresno St.,West,,Bulldogs,NCBA,,,,,
1981,Gonzaga,West,,Bulldogs,Nor Pac,,,,,
1982,Florida,Atlantic,,Gators,SEC,,,,,
1982,Miami,Atlantic,,Hurricanes,Indep,,,,H,
1982,South Florida,Atlantic,,Bulls,SunBelt,,,,,
1982,Stetson,Atlantic,,Hatters,Indep,,,,,
1982,Eastern Mich.,Central,,Eagles,MAC,,,,,
1982,Florida St.,Central,,Seminoles,Metro,,,,,
1982,Hardin Simmons,Central,,Cowboys,ASUN,,,,,
1982,Ohio State,Central,,Buckeyes,Big10,,,,,
1982,Oklahoma,Central,,Sooners,Big8,,,,,
1982,Texas,Central,,Longhorns,SWC,,,,H,
1982,Citadel,East,,Bulldogs,Southern,,,,,
1982,East Carolina,East,,Pirates,ECAC/South,,,,,
1982,North Carolina,East,,Tar Heels,ACC,,,,,
1982,Old Dominion,East,,Monarchs,ECAC/South,,,,,
1982,South Carolina,East,,Gamecocks,Indep,,,,H,
1982,West Virginia,East,,Mountaineers,A10,,,,,
1982,Middle Tenn.,Midwest,,Blue Raiders,OVC,,,,,
1982,Minnesota,Midwest,,Golden Gophers,Big10,,,,,
1982,Oklahoma St.,Midwest,,Cowboys,Big8,,,,H,
1982,Oral Roberts,Midwest,,Golden Eagles,Horizon,,,,,
1982,Delaware,Northeast,,Blue Hens,ECC,,,,,
1982,Maine,Northeast,,Black Bears,ECAC/New England,,,,H,
1982,Navy,Northeast,,Midshipmen,EIBL,,,,,
1982,Seton Hall,Northeast,,Pirates,ECAC/Metro,,,,,
1982,Jackson St.,South,,Tigers,SWAC,,,,,
1982,New Orleans,South,,Privateers,Indep,,,,,
1982,Tulane,South,,Green Wave,Metro,,,,H,
1982,Wichita St.,South,,Shockers,MVC,,,,,
1982,Fresno St.,West I,,Bulldogs,NCBA,,,,H,
1982,Hawaii,West I,,Rainbow Warriors,WAC,,,,,
1982,Pepperdine,West I,,Waves,SCBA,,,,,
1982,Stanford,West I,,Cardinal,Pac12,,,,,
1982,Arizona St.,West II,,Sun Devils,Pac12,,,,H,
1982,CS Fullerton,West II,,Titans,SCBA,,,,,
1982,Houston,West II,,Cougars,SWC,,,,,
1982,San Diego St.,West II,,Aztecs,WAC,,,,,
1983,Grambling,Central,,Tigers,SWAC,,,,,
1983,Miss State,Central,,Bulldogs,SEC,,,,,
1983,Pan American,Central,,Broncs,Indep,,,,,
1983,Texas,Central,,Longhorns,SWC,,,,H,
1983,Tulane,Central,,Green Wave,Metro,,,,,
1983,UL Monroe,Central,,Warhawks,Southland,,,,,
1983,Citadel,East,,Bulldogs,Southern,,,,,
1983,Delaware,East,,Blue Hens,ECC,,,,,
1983,James Madison,East,,Dukes,ECAC/South,,,,,
1983,North Carolina,East,,Tar Heels,ACC,,,,H,
1983,South Carolina,East,,Gamecocks,Indep,,,,,
1983,William & Mary,East,,Tribe,ECAC/South,,,,,
1983,Indiana St.,Mideast,,Sycamores,MVC,,,,,
1983,Miami Ohio,Mideast,,Redhawks,MAC,,,,,
1983,Michigan,Mideast,,Wolverines,Big10,,,,H,
1983,Morehead St.,Mideast,,Eagles,OVC,,,,,
1983,Arkansas,Midwest,,Razorbacks,SWC,,,,,
1983,Oklahoma St.,Midwest,,Cowboys,Big8,,,,H,
1983,Oral Roberts,Midwest,,Golden Eagles,Horizon,,,,,
1983,Wichita St.,Midwest,,Shockers,MVC,,,,,
1983,Harvard,Northeast,,Crimson,EIBL,,,,,
1983,Maine,Northeast,,Black Bears,ECAC/New England,,,,H,
1983,NYIT,Northeast,,Bears,ECAC/Metro,,,,,
1983,Temple,Northeast,,Owls,A10,,,,,
1983,Alabama,South,,Crimson Tide,SEC,,,,,
1983,Florida St.,South,,Seminoles,Metro,,,,H,
1983,Miami,South,,Hurricanes,Indep,,,,,
1983,South Alabama,South,,Jaguars,SunBelt,,,,,
1983,Oregon St.,West I,,Beavers,Pac12N,,,,,
1983,San Diego St.,West I,,Aztecs,WAC,,,,,
1983,Stanford,West I,,Cardinal,Pac12S,,,,H,
1983,UCSB,West I,,Guachos,SCBA,,,,,
1983,Arizona St.,West II,,Sun Devils,Pac12S,,,,H,
1983,BYU,West II,,Cougars,WAC,,,,,
1983,CS Fullerton,West II,,Titans,SCBA,,,,,
1983,Fresno St.,West II,,Bulldogs,NCBA,,,,,
1984,Lamar,Central,,Cardinals,Southland,,,,,
1984,Oklahoma,Central,,Sooners,Big8,,,,,
1984,Texas,Central,,Longhorns,SWC,,,,H,
1984,UNLV,Central,,Rebels,SCBA,,,,,
1984,Central Mich.,Mideast,,Chippewas,MAC,,,,H,
1984,Indiana St.,Mideast,,Sycamores,MVC,,,,,
1984,Michigan,Mideast,,Wolverines,Big10,,,,,
1984,Temple,Mideast,,Owls,A10,,,,,
1984,Grambling,Midwest,,Tigers,SWAC,,,,,
1984,Oklahoma City,Midwest,,Stars,Horizon,,,,,
1984,Oklahoma St.,Midwest,,Cowboys,Big8,,,,H,
1984,Texas A&M,Midwest,,Aggies,SWC,,,,,
1984,Harvard,Northeast,,Crimson,EIBL,,,,,
1984,Maine,Northeast,,Black Bears,ECAC/New England,,,,H,
1984,Rider,Northeast,,Broncs,ECC,,,,,
1984,Seton Hall,Northeast,,Pirates,ECAC/Metro,,,,,
1984,East Carolina,South I,,Pirates,ECAC/South,,,,,
1984,Florida,South I,,Gators,SEC,,,,,
1984,Florida St.,South I,,Seminoles,Metro,,,,H,
1984,Miami,South I,,Hurricanes,Indep,,,,,
1984,South Alabama,South I,,Jaguars,SunBelt,,,,,
1984,Stetson,South I,,Hatters,Indep,,,,,
1984,Appalachian St.,South II,,Mountaineers,Southern,,,,,
1984,Eastern Ky.,South II,,Colonels,OVC,,,,,
1984,Miss State,South II,,Bulldogs,SEC,,,,H,
1984,New Orleans,South II,,Privateers,Indep,,,,,
1984,North Carolina,South II,,Tar Heels,ACC,,,,,
1984,South Carolina,South II,,Gamecocks,Metro,,,,,
1984,CS Fullerton,West I,,Titans,SCBA,,,,,
1984,Fresno St.,West I,,Bulldogs,NCBA,,,,H,
1984,San Diego St.,West I,,Aztecs,WAC,,,,,
1984,USC,West I,,Trojans,Pac12S,,,,,
1984,Arizona St.,West II,,Sun Devils,Pac12S,,,,H,
1984,Hawaii,West II,,Rainbow Warriors,WAC,,,,,
1984,Stanford,West II,,Cardinal,Pac12S,,,,,
1984,Washington St.,West II,,Cougars,Pac12N,,,,,
1985,Florida,Atlantic,,Gators,SEC,,,,,
1985,Miami,Atlantic,,Hurricanes,Indep,,,,H,
1985,Princeton,Atlantic,,Tigers,EIBL,,,,,
1985,Virginia,Atlantic,,Cavaliers,ACC,,,,,
1985,Grambling,Central,,Tigers,SWAC,,,,,
1985,Houston,Central,,Cougars,SWC,,,,,
1985,Lamar,Central,,Cardinals,Southland,,,,,
1985,LSU,Central,,Tigers,SEC,,,,,
1985,Oklahoma,Central,,Sooners,Big8,,,,,
1985,Texas,Central,,Longhorns,SWC,,,,H,
1985,La Salle,East,,Explorers,ECAC/North,,,,,
1985,Old Dominion,East,,Monarchs,SunBelt,,,,,
1985,Rider,East,,Broncs,ECC,,,,,
1985,South Carolina,East,,Gamecocks,Metro,,,,H,
1985,St. John's,East,,Red Storm,BigEast,,,,,
1985,Western Caro.,East,,Catamounts,Southern,,,,,
1985,Minnesota,Midwest,,Golden Gophers,Big10,,,,,
1985,Oklahoma St.,Midwest,,Cowboys,Big8,,,,H,
1985,Oral Roberts,Midwest,,Golden Eagles,Horizon,,,,,
1985,Wichita St.,Midwest,,Shockers,MVC,,,,,
1985,Michigan,South I,,Wolverines,Big10,,,,,
1985,Miss State,South I,,Bulldogs,SEC,,,,H,
1985,New Orleans,South I,,Privateers,Indep,,,,,
1985,West Virginia,South I,,Mountaineers,A10,,,,,
1985,Arkansas,South II,,Razorbacks,SWC,,,,,
1985,Central Mich.,South II,,Chippewas,MAC,,,,,
1985,Eastern Ky.,South II,,Colonels,OVC,,,,,
1985,Florida St.,South II,,Seminoles,Metro,,,,H,
1985,George Mason,South II,,Patriots,ECAC/South,,,,,
1985,Georgia Tech,South II,,Yellow Jackets,ACC,,,,,
1985,Nebraska,West I,,Cornhuskers,Big8,,,,,
1985,Oregon St.,West I,,Beavers,Pac12N,,,,,
1985,Pepperdine,West I,,Waves,WCC,,,,,
1985,Stanford,West I,,Cardinal,Pac12S,,,,H,
1985,Arizona,West II,,Wildcats,Pac12S,,,,,
1985,BYU,West II,,Cougars,WAC,,,,,
1985,California,West II,,Golden Bears,Pac12S,,,,,
1985,Fresno St.,West II,,Bulldogs,BigWest,,,,H,
1986,Alabama,Atlantic,,Crimson Tide,SEC,,,,,
1986,Georgia Tech,Atlantic,,Yellow Jackets,ACC,,,,,
1986,Miami,Atlantic,,Hurricanes,Indep,,,,H,
1986,Navy,Atlantic,,Midshipmen,EIBL,,,,,
1986,South Carolina,Atlantic,,Gamecocks,Metro,,,,,
1986,Western Caro.,Atlantic,,Catamounts,Southern,,,,,
1986,Arizona,Central,,Wildcats,Pac12S,,,,,
1986,Pan American,Central,,Broncs,Indep,,,,,
1986,Pepperdine,Central,,Waves,WCC,,,,,
1986,San Diego St.,Central,,Aztecs,WAC,,,,,
1986,Southern Ill.,Central,,Salukis,MVC,,,,,
1986,Texas,Central,,Longhorns,SWC,,,,H,
1986,Central Mich.,Mideast,,Chippewas,MAC,,,,,
1986,Indiana St.,Mideast,,Sycamores,MVC,,,,,
1986,Michigan,Mideast,,Wolverines,Big10,,,,H,
1986,Oral Roberts,Mideast,,Golden Eagles,Horizon,,,,,
1986,Appalachian St.,Midwest,,Mountaineers,Southern,,,,,
1986,Arkansas,Midwest,,Razorbacks,SWC,,,,,
1986,Oklahoma St.,Midwest,,Cowboys,Big8,,,,H,
1986,Oregon St.,Midwest,,Beavers,Pac12N,,,,,
1986,Richmond,Midwest,,Spiders,Colonial,,,,,
1986,Stanford,Midwest,,Cardinal,Pac12S,,,,,
1986,Maine,Northeast,,Black Bears,ECAC,,,,H,
1986,Rider,Northeast,,Broncs,ECC,,,,,
1986,Rutgers,Northeast,,Scarlet Knights,A10,,,,,
1986,St. John's,Northeast,,Red Storm,BigEast,,,,,
1986,Eastern Ky.,South I,,Colonels,OVC,,,,,
1986,Jackson St.,South I,,Tigers,SWAC,,,,,
1986,Louisiana Tech,South I,,Bulldogs,Southland,,,,,
1986,LSU,South I,,Tigers,SEC,,,,H,
1986,Oklahoma,South I,,Sooners,Big8,,,,,
1986,Tulane,South I,,Green Wave,Indep,,,,,
1986,Florida St.,South II,,Seminoles,Metro,,,,H,
1986,NC State,South II,,Wolfpack,ACC,,,,,
1986,South Florida,South II,,Bulls,SunBelt,,,,,
1986,Texas A&M,South II,,Aggies,SWC,,,,,
1986,Hawaii,West,,Rainbow Warriors,WAC,,,,,
1986,Loyola Marymount,West,,Lions,WCC,,,,,
1986,UCLA,West,,Bruins,Pac12S,,,,H,
1986,UCSB,West,,Guachos,BigWest,,,,,
1987,Florida St.,Atlantic,,Seminoles,Metro,,1,,H,
1987,Central Mich.,Atlantic,,Chippewas,MAC,,,,,
1987,East Carolina,Atlantic,,Pirates,Colonial,,,,,
1987,Ga. Southern,Atlantic,,Eagles,ASUN,,,,,
1987,Miami,Atlantic,,Hurricanes,Indep,,,,,
1987,South Alabama,Atlantic,,Jaguars,SunBelt,,,,,
1987,Texas,Central,,Longhorns,SWC,,1,,H,
1987,Houston,Central,,Cougars,SWC,,,,,
1987,Indiana St.,Central,,Sycamores,MVC,,,,,
1987,Lamar,Central,,Cardinals,Southland,,,,,
1987,Oklahoma,Central,,Sooners,Big8,,,,,
1987,Sam Houston,Central,,Bearkats,Gulf Star,,,,,
1987,Oklahoma St.,Mideast,,Cowboys,Big8,,1,,,
1987,Miss State,Mideast,,Bulldogs,SEC,,,,H,
1987,NC State,Mideast,,Wolfpack,ACC,,,,,
1987,Purdue,Mideast,,Boilermakers,Big10,,,,,
1987,Texas A&M,Mideast,,Aggies,SWC,,,,,
1987,Western Caro.,Mideast,,Catamounts,Southern,,,,,
1987,Georgia Tech,Northeast,,Yellow Jackets,ACC,,1,,H,
1987,Dartmouth,Northeast,,Big Green,EIBL,,,,,
1987,Fordham,Northeast,,Rams,ECAC,,,,,
1987,Georgia,Northeast,,Bulldogs,SEC,,,,,
1987,Michigan,Northeast,,Wolverines,Big10,,,,,
1987,Rider,Northeast,,Broncs,ECC,,,,,
1987,Arkansas,South I,,Razorbacks,SWC,,1,,,
1987,Auburn,South I,,Tigers,SEC,,,,,
1987,Clemson,South I,,Tigers,ACC,,,,,
1987,Middle Tenn.,South I,,Blue Raiders,OVC,,,,,
1987,Seton Hall,South I,,Pirates,BigEast,,,,,
1987,West Virginia,South I,,Mountaineers,A10,,,,,
1987,CS Fullerton,South II,,Titans,BigWest,,1,,,
1987,Louisiana Tech,South II,,Bulldogs,Southland,,,,,
1987,LSU,South II,,Tigers,SEC,,,,,
1987,New Orleans,South II,,Privateers,Indep,,,,H,
1987,Southern,South II,,Jaguars,SWAC,,,,,
1987,Tulane,South II,,Green Wave,Indep,,,,,
1987,Stanford,West I,,Cardinal,Pac12S,,1,,H,
1987,Minnesota,West I,,Golden Gophers,Big10,,,,,
1987,Oral Roberts,West I,,Golden Eagles,Horizon,,,,,
1987,UCSB,West I,,Guachos,BigWest,,,,,
1987,Washington St.,West I,,Cougars,Pac12N,,,,,
1987,Wichita St.,West I,,Shockers,MVC,,,,,
1987,Pepperdine,West II,,Waves,WCC,,1,,,
1987,Arizona,West II,,Wildcats,Pac12S,,,,,
1987,Arizona St.,West II,,Sun Devils,Pac12S,,,,H,
1987,Hawaii,West II,,Rainbow Warriors,WAC,,,,,
1987,Missouri St.,West II,,Bears,Summit,,,,,
1987,UCLA,West II,,Bruins,Pac12S,,,,,
1988,Miami,Atlantic,,Hurricanes,Indep,,1,3,H,
1988,Georgia Tech,Atlantic,,Yellow Jackets,ACC,,2,,,
1988,South Carolina,Atlantic,,Gamecocks,Metro,,3,,,
1988,James Madison,Atlantic,,Dukes,Colonial,,4,,,
1988,VCU,Atlantic,,Rams,SunBelt,,5,,,
1988,Towson,Atlantic,,Tigers,ECC,,6,,,
1988,Texas,Central,,Longhorns,SWC,,1,,H,
1988,California,Central,,Golden Bears,Pac12S,,2,8,,
1988,New Orleans,Central,,Privateers,Am South,,3,,,
1988,Michigan,Central,,Wolverines,Big10,,4,,,
1988,Pennsylvania,Central,,Quakers,EIBL,,5,,,
1988,Southern,Central,,Jaguars,SWAC,,6,,,
1988,Florida,East,,Gators,SEC,,1,5,,
1988,Florida St.,East,,Seminoles,Metro,,2,,H,
1988,NC State,East,,Wolfpack,ACC,,3,,,
1988,Tulane,East,,Green Wave,Indep,,4,,,
1988,Stetson,East,,Hatters,ASUN,,5,,,
1988,George Mason,East,,Patriots,Colonial,,6,,,
1988,Oklahoma St.,Midwest,,Cowboys,Big8,,1,,H,
1988,Wichita St.,Midwest,,Shockers,MVC,,2,4,,
1988,Loyola Marymount,Midwest,,Lions,WCC,,3,,,
1988,Arkansas,Midwest,,Razorbacks,SWC,,4,,,
1988,Louisiana,Midwest,,Ragin' Cajuns,Am South,,5,,,
1988,McNeese,Midwest,,Cowboys,Southland,,6,,,
1988,Clemson,Northeast,,Tigers,ACC,,1,,,
1988,Stanford,Northeast,,Cardinal,Pac12S,,2,7,,
1988,Kentucky,Northeast,,Wildcats,SEC,,3,,,
1988,Rutgers,Northeast,,Scarlet Knights,A10,,4,,,
1988,St. John's,Northeast,,Red Storm,BigEast,,5,,,
1988,Fordham,Northeast,,Rams,ECAC,,6,,,
1988,Texas A&M,South,,Aggies,SWC,,1,,,
1988,Miss State,South,,Bulldogs,SEC,,2,,H,
1988,CS Fullerton,South,,Titans,BigWest,,3,6,,
1988,Missouri,South,,Tigers,Big8,,4,,,
1988,Western Caro.,South,,Catamounts,Southern,,5,,,
1988,Middle Tenn.,South,,Blue Raiders,OVC,,6,,,
1988,Fresno St.,West I,,Bulldogs,BigWest,,1,2,H,
1988,Washington St.,West I,,Cougars,Pac12N,,2,,,
1988,BYU,West I,,Cougars,WAC,,3,,,
1988,USC,West I,,Trojans,Pac12S,,4,,,
1988,Santa Clara,West I,,Broncos,WCC,,5,,,
1988,Minnesota,West I,,Golden Gophers,Big10,,6,,,
1988,Arizona St.,West II,,Sun Devils,Pac12S,,1,1,H,
1988,Oklahoma,West II,,Sooners,Big8,,2,,,
1988,Central Mich.,West II,,Chippewas,MAC,,3,,,
1988,UNLV,West II,,Rebels,BigWest,,4,,,
1988,Pepperdine,West II,,Waves,WCC,,5,,,
1988,Evansville,West II,,Aces,Horizon,,6,,,
1989,Florida St.,Atlantic,,Seminoles,Metro,,1,1,H,
1989,Clemson,Atlantic,,Tigers,ACC,,2,,,
1989,South Florida,Atlantic,,Bulls,SunBelt,,3,,,
1989,Auburn,Atlantic,,Tigers,SEC,,4,,,
1989,Stetson,Atlantic,,Hatters,ASUN,,5,,,
1989,Rider,Atlantic,,Broncs,ECC,,6,,,
1989,Texas A&M,Central,,Aggies,SWC,,1,,H,
1989,LSU,Central,,Tigers,SEC,,2,6,,
1989,South Alabama,Central,,Jaguars,SunBelt,,3,,,
1989,BYU,Central,,Cougars,WAC,,4,,,
1989,UNLV,Central,,Rebels,BigWest,,5,,,
1989,Jackson St.,Central,,Tigers,SWAC,,6,,,
1989,Miami,East,,Hurricanes,Indep,,1,3,,
1989,Florida,East,,Gators,SEC,,2,,H,
1989,Georgia Tech,East,,Yellow Jackets,ACC,,3,,,
1989,UCF,East,,Golden Knights,Indep,,4,,,
1989,East Carolina,East,,Pirates,Colonial,,5,,,
1989,Villanova,East,,Wildcats,BigEast,,6,,,
1989,Texas,Midwest,,Longhorns,SWC,,1,2,H,
1989,Oklahoma St.,Midwest,,Cowboys,Big8,,2,,,
1989,USC,Midwest,,Trojans,Pac12S,,3,,,
1989,Western Mich.,Midwest,,Broncos,MAC,,4,,,
1989,Sam Houston,Midwest,,Bearkats,Southland,,5,,,
1989,New Orleans,Midwest,,Privateers,Am South,,6,,,
1989,Arkansas,Northeast,,Razorbacks,SWC,,1,5,,
1989,Arizona St.,Northeast,,Sun Devils,Pac12S,,2,,,
1989,Illinois,Northeast,,Fighting Illini,Big10,,3,,,
1989,Pennsylvania,Northeast,,Quakers,EIBL,,4,,,
1989,G. Washington,Northeast,,Colonials,A10,,5,,,
1989,Le Moyne,Northeast,,Dolphins,ECAC,,6,,,
1989,Miss State,South,,Bulldogs,SEC,,1,,H,
1989,Jacksonville,South,,Dolphins,SunBelt,,2,,,
1989,North Carolina,South,,Tar Heels,ACC,,3,8,,
1989,Nicholls,South,,Colonels,,,4,,,
1989,Indiana St.,South,,Sycamores,MVC,,5,,,
1989,Western Caro.,South,,Catamounts,Southern,,6,,,
1989,Arizona,West I,,Wildcats,Pac12S,,1,,H,
1989,Oklahoma,West I,,Sooners,Big8,,2,,,
1989,Long Beach St.,West I,,49ers,BigWest,,3,7,,
1989,Hawaii,West I,,Rainbow Warriors,WAC,,4,,,
1989,Loyola Marymount,West I,,Lions,WCC,,5,,,
1989,Eastern Ky.,West I,,Colonels,OVC,,6,,,
1989,Wichita St.,West II,,Shockers,MVC,,1,4,,
1989,Fresno St.,West II,,Bulldogs,BigWest,,2,,H,
1989,Michigan,West II,,Wolverines,Big10,,3,,,
1989,Pepperdine,West II,,Waves,WCC,,4,,,
1989,Notre Dame,West II,,Fighting Irish,Horizon,,5,,,
1989,Portland,West II,,Pilots,Pac12N,,6,,,
1990,Miami,Atlantic,,Hurricanes,Indep,,1,,H,
1990,NC State,Atlantic,,Wolfpack,ACC,,2,,,
1990,East Carolina,Atlantic,,Pirates,Colonial,,3,,,
1990,South Florida,Atlantic,,Bulls,SunBelt,,4,,,
1990,Citadel,Atlantic,,Bulldogs,Southern,,5,7,,
1990,Stetson,Atlantic,,Hatters,ASUN,,6,,,
1990,Texas,Central,,Longhorns,SWC,,1,,H,
1990,Clemson,Central,,Tigers,ACC,,2,,,
1990,CS Fullerton,Central,,Titans,BigWest,,3,6,,
1990,Old Dominion,Central,,Monarchs,SunBelt,,4,,,
1990,Creighton,Central,,Bluejays,MVC,,5,,,
1990,UT Arlington,Central,,Mavericks,Southland,,6,,,
1990,Arkansas,Midwest,,Razorbacks,SWC,,1,,,
1990,Wichita St.,Midwest,,Shockers,MVC,,2,,H,
1990,South Alabama,Midwest,,Jaguars,SunBelt,,3,,,
1990,UCLA,Midwest,,Bruins,Pac12S,,4,,,
1990,Ga. Southern,Midwest,,Eagles,ASUN,,5,8,,
1990,Fordham,Midwest,,Rams,ECAC,,6,,,
1990,North Carolina,Northeast,,Tar Heels,ACC,,1,,,
1990,Georgia,Northeast,,Bulldogs,SEC,,2,4,,
1990,Iowa,Northeast,,Hawkeyes,Big10,,3,,,
1990,Maine,Northeast,,Black Bears,ECAC,,4,,,
1990,Connecticut,Northeast,,Huskies,BigEast,,5,,H,
1990,Rutgers,Northeast,,Scarlet Knights,A10,,6,,,
1990,LSU,South I,,Tigers,SEC,,1,2,H,
1990,USC,South I,,Trojans,Pac12S,,2,,,
1990,Houston,South I,,Cougars,SWC,,3,,,
1990,Georgia Tech,South I,,Yellow Jackets,ACC,,4,,,
1990,Southern Miss,South I,,Golden Eagles,Metro,,5,,,
1990,Louisiana,South I,,Ragin' Cajuns,Am South,,6,,,
1990,Florida St.,South II,,Seminoles,Metro,,1,,,
1990,Miss State,South II,,Bulldogs,SEC,,2,5,H,
1990,Illinois,South II,,Fighting Illini,Big10,,3,,,
1990,Central Mich.,South II,,Chippewas,MAC,,4,,,
1990,BYU,South II,,Cougars,WAC,,5,,,
1990,Lafayette,South II,,Leopards,ECC,,6,,,
1990,Stanford,West I,,Cardinal,Pac12S,,1,1,H,
1990,Southern Ill.,West I,,Salukis,MVC,,2,,,
1990,San Diego St.,West I,,Aztecs,WAC,,3,,,
1990,Middle Tenn.,West I,,Blue Raiders,OVC,,4,,,
1990,Fresno St.,West I,,Bulldogs,BigWest,,5,,,
1990,Campbell,West I,,Camels,BigSouth,,6,,,
1990,Arizona St.,West II,,Sun Devils,Pac12S,,1,,H,
1990,Oklahoma St.,West II,,Cowboys,Big8,,2,3,,
1990,Loyola Marymount,West II,,Lions,WCC,,3,,,
1990,Washington St.,West II,,Cougars,Pac12N,,4,,,
1990,UCSB,West II,,Guachos,BigWest,,5,,,
1990,Pennsylvania,West II,,Quakers,EIBL,,6,,,
1991,Florida St.,Atlantic,,Seminoles,Metro,,1,1,H,
1991,Georgia Tech,Atlantic,,Yellow Jackets,ACC,,2,,,
1991,Alabama,Atlantic,,Crimson Tide,SEC,,3,,,
1991,FIU,Atlantic,,Panthers,ASUN,,4,,,
1991,St. John's,Atlantic,,Red Storm,BigEast,,5,,,
1991,Coastal Carolina,Atlantic,,Chanticleers,BigSouth,,6,,,
1991,Texas,Central,,Longhorns,SWC,,1,,H,
1991,Oklahoma St.,Central,,Cowboys,Big8,,2,,,
1991,Long Beach St.,Central,,49ers,BigWest,,3,6,,
1991,Southern Miss,Central,,Golden Eagles,Metro,,4,,,
1991,Rutgers,Central,,Scarlet Knights,A10,,5,,,
1991,UAB,Central,,Blazers,SunBelt,,6,,,
1991,Florida,East,,Gators,SEC,,1,5,H,
1991,NC State,East,,Wolfpack,ACC,,2,,,
1991,Jacksonville,East,,Dolphins,SunBelt,,3,,,
1991,Missouri,East,,Tigers,Big8,,4,,,
1991,Ohio,East,,Bobcats,MAC,,5,,,
1991,Furman,East,,Paladins,Southern,,6,,,
1991,Wichita St.,Midwest,,Shockers,MVC,,1,3,H,
1991,Ohio State,Midwest,,Buckeyes,Big10,,2,,,
1991,Baylor,Midwest,,Bears,SWC,,3,,,
1991,California,Midwest,,Golden Bears,Pac12S,,4,,,
1991,Rider,Midwest,,Broncs,ECC,,5,,,
1991,East Carolina,Midwest,,Pirates,Colonial,,6,,,
1991,Clemson,Northeast,,Tigers,ACC,,1,2,,
1991,Miss State,Northeast,,Bulldogs,SEC,,2,,,
1991,Maine,Northeast,,Black Bears,ECAC,,3,,H,
1991,Villanova,Northeast,,Wildcats,BigEast,,4,,,
1991,Towson,Northeast,,Tigers,ECC,,5,,,
1991,Princeton,Northeast,,Tigers,EIBL,,6,,,
1991,LSU,South,,Tigers,SEC,,1,4,H,
1991,Texas A&M,South,,Aggies,SWC,,2,,,
1991,South Alabama,South,,Jaguars,SunBelt,,3,,,
1991,Oklahoma,South,,Sooners,Big8,,4,,,
1991,Louisiana,South,,Ragin' Cajuns,Am South,,5,,,
1991,Northwestern St.,South,,Demons,Southland,,6,,,
1991,USC,West I,,Trojans,Pac12S,,1,,H,
1991,Hawaii,West I,,Rainbow Warriors,WAC,,2,,,
1991,Pepperdine,West I,,Waves,WCC,,3,,,
1991,Creighton,West I,,Bluejays,MVC,,4,7,,
1991,Minnesota,West I,,Golden Gophers,Big10,,5,,,
1991,Middle Tenn.,West I,,Blue Raiders,OVC,,6,,,
1991,Miami,West II,,Hurricanes,Indep,,1,,,
1991,Stanford,West II,,Cardinal,Pac12S,,2,,,
1991,Fresno St.,West II,,Bulldogs,BigWest,,3,8,H,
1991,CS Northridge,West II,,Matadors,Indep,,4,,,
1991,San Diego St.,West II,,Aztecs,WAC,,5,,,
1991,Portland,West II,,Pilots,Pac12N,,6,,,
1992,Miami,Atlantic,,Hurricanes,Indep,,1,1,H,
1992,NC State,Atlantic,,Wolfpack,ACC,,2,,,
1992,South Carolina,Atlantic,,Gamecocks,SEC,,3,,,
1992,Notre Dame,Atlantic,,Fighting Irish,Horizon,,4,,,
1992,Delaware,Atlantic,,Blue Hens,ECAC,,5,,,
1992,UMBC,Atlantic,,Retrievers,ECC,,6,,,
1992,Texas,Central,,Longhorns,SWC,,1,3,H,
1992,Long Beach St.,Central,,49ers,BigWest,,2,,,
1992,Creighton,Central,,Bluejays,MVC,,3,,,
1992,UT Arlington,Central,,Mavericks,Southland,,4,,,
1992,Louisiana,Central,,Ragin' Cajuns,SunBelt,,5,,,
1992,VCU,Central,,Rams,Metro,,6,,,
1992,Florida,East,,Gators,SEC,,1,,H,
1992,Georgia Tech,East,,Yellow Jackets,ACC,,2,,,
1992,Texas A&M,East,,Aggies,SWC,,3,,,
1992,California,East,,Golden Bears,Pac12S,,4,8,,
1992,George Mason,East,,Patriots,Colonial,,5,,,
1992,Rider,East,,Broncs,ECC,,6,,,
1992,Clemson,Mideast,,Tigers,ACC,,1,,,
1992,Miss State,Mideast,,Bulldogs,SEC,,2,,H,
1992,Oklahoma,Mideast,,Sooners,Big8,,3,6,,
1992,UCLA,Mideast,,Bruins,Pac12S,,4,,,
1992,Nicholls,Mideast,,Colonels,Southland,,5,,,
1992,Yale,Mideast,,Bulldogs,EIBL,,6,,,
1992,Wichita St.,Midwest,,Shockers,MVC,,1,2,H,
1992,Oklahoma St.,Midwest,,Cowboys,Big8,,2,,,
1992,CS Northridge,Midwest,,Matadors,Indep,,3,,,
1992,Arizona St.,Midwest,,Sun Devils,Pac12S,,4,,,
1992,Minnesota,Midwest,,Golden Gophers,Big10,,5,,,
1992,G. Washington,Midwest,,Colonials,A10,,6,,,
1992,LSU,South I,,Tigers,SEC,,1,,H,
1992,South Alabama,South I,,Jaguars,SunBelt,,2,,,
1992,CS Fullerton,South I,,Titans,BigWest,,3,4,,
1992,Ohio State,South I,,Buckeyes,Big10,,4,,,
1992,Tulane,South I,,Green Wave,Metro,,5,,,
1992,Providence,South I,,Friars,BigEast,,6,,,
1992,Stanford,South II,,Cardinal,Pac12S,,1,,,
1992,Florida St.,South II,,Seminoles,ACC,,2,5,H,
1992,Georgia,South II,,Bulldogs,SEC,,3,,,
1992,Kent State,South II,,Golden Flashes,MAC,,4,,,
1992,Western Caro.,South II,,Catamounts,Southern,,5,,,
1992,Stetson,South II,,Hatters,ASUN,,6,,,
1992,Arizona,West,,Wildcats,Pac12S,,1,,H,
1992,Hawaii,West,,Rainbow Warriors,WAC,,2,,,
1992,Pepperdine,West,,Waves,WCC,,3,7,,
1992,Fresno St.,West,,Bulldogs,BigWest,,4,,,
1992,SE Louisiana,West,,Lions,ASUN,,5,,,
1992,Washington,West,,Huskies,Pac12N,,6,,,
1993,Georgia Tech,Atlantic,,Yellow Jackets,ACC,,1,,H,
1993,South Carolina,Atlantic,,Gamecocks,SEC,,2,,,
1993,Wichita St.,Atlantic,,Shockers,MVC,,3,7,,
1993,Ohio State,Atlantic,,Buckeyes,Big10,,4,,,
1993,East Carolina,Atlantic,,Pirates,Colonial,,5,,,
1993,Liberty,Atlantic,,Flames,BigSouth,,6,,,
1993,Texas A&M,Central I,,Aggies,SWC,,1,1,H,
1993,North Carolina,Central I,,Tar Heels,ACC,,2,,,
1993,UCLA,Central I,,Bruins,Pac12,,3,,,
1993,Lamar,Central I,,Cardinals,SunBelt,,4,,,
1993,Hawaii,Central I,,Rainbow Warriors,WAC,,5,,,
1993,Yale,Central I,,Bulldogs,Ivy,,6,,,
1993,Texas,Central II,,Longhorns,SWC,,1,3,H,
1993,CS Fullerton,Central II,,Titans,BigWest,,2,,,
1993,Kentucky,Central II,,Wildcats,SEC,,3,,,
1993,USC,Central II,,Trojans,Pac12,,4,,,
1993,Maine,Central II,,Black Bears,AmEast,,5,,,
1993,McNeese,Central II,,Cowboys,Southland,,6,,,
1993,Long Beach St.,East,,49ers,BigWest,,1,4,,
1993,Florida St.,East,,Seminoles,ACC,,2,,H,
1993,Miss State,East,,Bulldogs,SEC,,3,,,
1993,Notre Dame,East,,Fighting Irish,Horizon,,4,,,
1993,South Florida,East,,Bulls,Metro,,5,,,
1993,UCF,East,,Golden Knights,ASUN,,6,,,
1993,Tennessee,Mideast,,Volunteers,SEC,,1,,H,
1993,Clemson,Mideast,,Tigers,ACC,,2,,,
1993,Kansas,Mideast,,Jayhawks,Big8,,3,8,,
1993,Fresno St.,Mideast,,Bulldogs,WAC,,4,,,
1993,Rutgers,Mideast,,Scarlet Knights,A10,,5,,,
1993,Charlotte,Mideast,,49ers,Metro,,6,,,
1993,NC State,Midwest,,Wolfpack,ACC,,1,,,
1993,Oklahoma St.,Midwest,,Cowboys,Big8,,2,6,H,
1993,Arizona,Midwest,,Wildcats,Pac12,,3,,,
1993,Auburn,Midwest,,Tigers,SEC,,4,,,
1993,Connecticut,Midwest,,Huskies,BigEast,,5,,,
1993,Fordham,Midwest,,Rams,ECAC,,6,,,
1993,LSU,South,,Tigers,SEC,,1,5,H,
1993,Miami,South,,Hurricanes,Indep,,2,,,
1993,Kent State,South,,Golden Flashes,MAC,,3,,,
1993,Baylor,South,,Bears,SWC,,4,,,
1993,South Alabama,South,,Jaguars,SunBelt,,5,,,
1993,Western Caro.,South,,Catamounts,Southern,,6,,,
1993,Arizona St.,West,,Sun Devils,Pac12,,1,2,H,
1993,CS Northridge,West,,Matadors,WAC,,2,,,
1993,Pepperdine,West,,Waves,WCC,,3,,,
1993,Minnesota,West,,Golden Gophers,Big10,,4,,,
1993,St. John's,West,,Red Storm,BigEast,,5,,,
1993,George Mason,West,,Patriots,Colonial,,6,,,
1994,Miami,Atlantic I,,Hurricanes,Indep,,1,1,H,
1994,Florida,Atlantic I,,Gators,SEC,,2,,,
1994,Kent State,Atlantic I,,Golden Flashes,MAC,,3,,,
1994,Minnesota,Atlantic I,,Golden Gophers,Big10,,4,,,
1994,West Virginia,Atlantic I,,Mountaineers,A10,,5,,,
1994,Rider,Atlantic I,,Broncs,NEC,,6,,,
1994,Ohio State,Atlantic II,,Buckeyes,Big10,,1,,,
1994,Florida St.,Atlantic II,,Seminoles,ACC,,2,6,H,
1994,Kansas,Atlantic II,,Jayhawks,Big8,,3,,,
1994,Jacksonville,Atlantic II,,Dolphins,SunBelt,,4,,,
1994,Central Mich.,Atlantic II,,Chippewas,MAC,,5,,,
1994,BYU,Atlantic II,,Cougars,WAC,,6,,,
1994,Oklahoma,Central,,Sooners,Big8,,1,4,,
1994,Nevada,Central,,Wolf Pack,BigWest,,2,,,
1994,Texas,Central,,Longhorns,SWC,,3,,H,
1994,Stanford,Central,,Cardinal,Pac12,,4,,,
1994,UTSA,Central,,Roadrunners,Southland,,5,,,
1994,Arkansas St.,Central,,Red Wolves,SunBelt,,6,,,
1994,Clemson,East,,Tigers,ACC,,1,,H,
1994,Auburn,East,,Tigers,SEC,,2,5,,
1994,Old Dominion,East,,Monarchs,Colonial,,3,,,
1994,Notre Dame,East,,Fighting Irish,Horizon,,4,,,
1994,Virginia Tech,East,,Hokies,Metro,,5,,,
1994,Citadel,East,,Bulldogs,Southern,,6,,,
1994,Tennessee,Mideast,,Volunteers,SEC,,1,,H,
1994,NC State,Mideast,,Wolfpack,ACC,,2,,,
1994,Arizona St.,Mideast,,Sun Devils,Pac12,,3,8,,
1994,Western Caro.,Mideast,,Catamounts,Southern,,4,,,
1994,Wright St.,Mideast,,Raiders,Summit,,5,,,
1994,Northeastern,Mideast,,Huskies,AmEast,,6,,,
1994,Oklahoma St.,Midwest I,,Cowboys,Big8,,1,,H,
1994,CS Fullerton,Midwest I,,Titans,BigWest,,2,7,,
1994,TCU,Midwest I,,Horned Frogs,SWC,,3,,,
1994,Memphis,Midwest I,,Tigers,Great Midwest(L),,4,,,
1994,Northwestern St.,Midwest I,,Demons,Southland,,5,,,
1994,Illinois St.,Midwest I,,Redbirds,MVC,,6,,,
1994,Georgia Tech,Midwest II,,Yellow Jackets,ACC,,1,2,,
1994,Long Beach St.,Midwest II,,49ers,BigWest,,2,,,
1994,Wichita St.,Midwest II,,Shockers,MVC,,3,,H,
1994,Santa Clara,Midwest II,,Broncos,WCC,,4,,,
1994,Washington,Midwest II,,Huskies,Pac12,,5,,,
1994,Connecticut,Midwest II,,Huskies,BigEast,,6,,,
1994,LSU,South,,Tigers,SEC,,1,3,H,
1994,USC,South,,Trojans,Pac12,,2,,,
1994,Tulane,South,,Green Wave,Metro,,3,,,
1994,Fresno St.,South,,Bulldogs,WAC,,4,,,
1994,NC Greensboro,South,,Spartans,BigSouth,,5,,,
1994,SE Louisiana,South,,Lions,ASUN,,6,,,
1995,Florida St.,Atlantic I,,Seminoles,ACC,,1,2,H,
1995,Mississippi,Atlantic I,,Rebels,SEC,,2,,,
1995,South Alabama,Atlantic I,,Jaguars,SunBelt,,3,,,
1995,UCF,Atlantic I,,Golden Knights,ASUN,,4,,,
1995,Old Dominion,Atlantic I,,Monarchs,Colonial,,5,,,
1995,Troy,Atlantic I,,Trojans,Summit,,6,,,
1995,Miami,Atlantic II,,Hurricanes,Indep,,1,3,H,
1995,Texas A&M,Atlantic II,,Aggies,SWC,,2,,,
1995,North Carolina,Atlantic II,,Tar Heels,ACC,,3,,,
1995,South Florida,Atlantic II,,Bulls,Metro,,4,,,
1995,FIU,Atlantic II,,Panthers,ASUN,,5,,,
1995,Massachusetts,Atlantic II,,Minutemen,A10,,6,,,
1995,Clemson,East,,Tigers,ACC,,1,4,H,
1995,Alabama,East,,Crimson Tide,SEC,,2,,,
1995,Jacksonville,East,,Dolphins,SunBelt,,3,,,
1995,Richmond,East,,Spiders,Colonial,,4,,,
1995,Winthrop,East,,Eagles,BigSouth,,5,,,
1995,Navy,East,,Midshipmen,Patriot,,6,,,
1995,Tennessee,Mideast,,Volunteers,SEC,,1,5,H,
1995,Oklahoma St.,Mideast,,Cowboys,Big8,,2,,,
1995,California,Mideast,,Golden Bears,Pac12,,3,,,
1995,Georgia Tech,Mideast,,Yellow Jackets,ACC,,4,,,
1995,Pittsburgh,Mideast,,Panthers,BigEast,,5,,,
1995,Citadel,Mideast,,Bulldogs,Southern,,6,,,
1995,Texas Tech,Midwest I,,Red Raiders,SWC,,1,,,
1995,Wichita St.,Midwest I,,Shockers,MVC,,2,,H,
1995,Stanford,Midwest I,,Cardinal,Pac12,,3,8,,
1995,Arkansas,Midwest I,,Razorbacks,SEC,,4,,,
1995,Lamar,Midwest I,,Cardinals,SunBelt,,5,,,
1995,Providence,Midwest I,,Friars,BigEast,,6,,,
1995,Auburn,Midwest II,,Tigers,SEC,,1,,,
1995,Oklahoma,Midwest II,,Sooners,Big8,,2,7,H,
1995,Texas,Midwest II,,Longhorns,SWC,,3,,,
1995,Ohio State,Midwest II,,Buckeyes,Big10,,4,,,
1995,Indiana St.,Midwest II,,Sycamores,MVC,,5,,,
1995,Pennsylvania,Midwest II,,Quakers,Ivy,,6,,,
1995,CS Fullerton,South,,Titans,BigWest,,1,1,,
1995,LSU,South,,Tigers,SEC,,2,,H,
1995,Rice,South,,Owls,SWC,,3,,,
1995,James Madison,South,,Dukes,Colonial,,4,,,
1995,Central Mich.,South,,Chippewas,MAC,,5,,,
1995,UL Monroe,South,,Warhawks,Southland,,6,,,
1995,USC,West,,Trojans,Pac12,,1,6,,
1995,Long Beach St.,West,,49ers,BigWest,,2,,,
1995,Fresno St.,West,,Bulldogs,WAC,,3,,H,
1995,Pepperdine,West,,Waves,WCC,,4,,,
1995,Missouri St.,West,,Bears,MVC,,5,,,
1995,Middle Tenn.,West,,Blue Raiders,OVC,,6,,,
1996,Clemson,Atlantic,,Tigers,ACC,,1,4,H,
1996,Tennessee,Atlantic,,Volunteers,SEC,,2,,,
1996,Ga. Southern,Atlantic,,Eagles,Southern,,3,,,
1996,Old Dominion,Atlantic,,Monarchs,Colonial,,4,,,
1996,West Virginia,Atlantic,,Mountaineers,BigEast,,5,,,
1996,Charleston So.,Atlantic,,Buccaneers,BigSouth,,6,,,
1996,Miami,Central I,,Hurricanes,Indep,,1,5,,
1996,Long Beach St.,Central I,,49ers,BigWest,,2,,,
1996,Texas,Central I,,Longhorns,SWC,,3,,H,
1996,UCLA,Central I,,Bruins,Pac12,,4,,,
1996,Missouri St.,Central I,,Bears,MVC,,5,,,
1996,Sam Houston,Central I,,Bearkats,Southland,,6,,,
1996,USC,Central II,,Trojans,Pac12,,1,,,
1996,Texas Tech,Central II,,Red Raiders,SWC,,2,,H,
1996,Oklahoma St.,Central II,,Cowboys,Big8,,3,8,,
1996,Arkansas,Central II,,Razorbacks,SEC,,4,,,
1996,Fresno St.,Central II,,Bulldogs,WAC,,5,,,
1996,Akron,Central II,,Zips,MAC,,6,,,
1996,Florida,East,,Gators,SEC,,1,2,H,
1996,UCF,East,,Golden Knights,ASUN,,2,,,
1996,NC State,East,,Wolfpack,ACC,,3,,,
1996,South Florida,East,,Bulls,CUSA,,4,,,
1996,Massachusetts,East,,Minutemen,A10,,5,,,
1996,Bucknell,East,,Bison,Patriot,,6,,,
1996,Wichita St.,Midwest,,Shockers,MVC,,1,3,H,
1996,CS Fullerton,Midwest,,Titans,BigWest,,2,,,
1996,Rice,Midwest,,Owls,SWC,,3,,,
1996,Missouri,Midwest,,Tigers,Big8,,4,,,
1996,Delaware,Midwest,,Blue Hens,AmEast,,5,,,
1996,Indiana,Midwest,,Hoosiers,Big10,,6,,,
1996,Alabama,South I,,Crimson Tide,SEC,,1,1,H,
1996,Virginia,South I,,Cavaliers,ACC,,2,,,
1996,South Alabama,South I,,Jaguars,SunBelt,,3,,,
1996,Stetson,South I,,Hatters,ASUN,,4,,,
1996,Notre Dame,South I,,Fighting Irish,BigEast,,5,,,
1996,Princeton,South I,,Tigers,Ivy,,6,,,
1996,LSU,South II,,Tigers,SEC,,1,6,H,
1996,Georgia Tech,South II,,Yellow Jackets,ACC,,2,,,
1996,UNLV,South II,,Rebels,BigWest,,3,,,
1996,Tulane,South II,,Green Wave,CUSA,,4,,,
1996,New Orleans,South II,,Privateers,SunBelt,,5,,,
1996,Austin Peay,South II,,Govenors,OVC,,6,,,
1996,Florida St.,West,,Seminoles,ACC,,1,7,,
1996,Stanford,West,,Cardinal,Pac12,,2,,H,
1996,Miss State,West,,Bulldogs,SEC,,3,,,
1996,UCSB,West,,Guachos,BigWest,,4,,,
1996,CS Northridge,West,,Matadors,WAC,,5,,,
1996,NE Illinois,West,,Golden Eagles,Summit,,6,,,
1997,Miami,Atlantic,,Hurricanes,Indep,,1,5,H,
1997,Florida,Atlantic,,Gators,SEC,,2,,,
1997,Arizona St.,Atlantic,,Sun Devils,Pac12,,3,,,
1997,FIU,Atlantic,,Panthers,ASUN,,4,,,
1997,St. John's,Atlantic,,Red Storm,BigEast,,5,,,
1997,Richmond,Atlantic,,Spiders,Colonial,,6,,,
1997,Texas Tech,Central,,Red Raiders,Big12,,1,,H,
1997,Rice,Central,,Owls,WAC,,2,7,,
1997,Clemson,Central,,Tigers,ACC,,3,,,
1997,Nevada,Central,,Wolf Pack,BigWest,,4,,,
1997,Missouri St.,Central,,Bears,MVC,,5,,,
1997,Texas St.,Central,,Bobcats,Southland,,6,,,
1997,Florida St.,East,,Seminoles,ACC,,1,,H,
1997,Auburn,East,,Tigers,SEC,,2,6,,
1997,UCF,East,,Golden Knights,ASUN,,3,,,
1997,South Florida,East,,Bulls,CUSA,,4,,,
1997,Western Caro.,East,,Catamounts,Southern,,5,,,
1997,Marist,East,,Red Foxes,NEC,,6,,,
1997,Georgia Tech,Mideast,,Yellow Jackets,ACC,,1,,,
1997,Miss State,Mideast,,Bulldogs,SEC,,2,8,H,
1997,Louisiana,Mideast,,Ragin' Cajuns,SunBelt,,3,,,
1997,Washington,Mideast,,Huskies,Pac12,,4,,,
1997,Ohio State,Mideast,,Buckeyes,Big10,,5,,,
1997,Tennessee Tech,Mideast,,Golden Eagles,OVC,,6,,,
1997,UCLA,Midwest,,Bruins,Pac12,,1,4,,
1997,Tennessee,Midwest,,Volunteers,SEC,,2,,,
1997,Oklahoma St.,Midwest,,Cowboys,Big12,,3,,H,
1997,Stetson,Midwest,,Hatters,ASUN,,4,,,
1997,Ohio,Midwest,,Bobcats,MAC,,5,,,
1997,Harvard,Midwest,,Crimson,Ivy,,6,,,
1997,LSU,South I,,Tigers,SEC,,1,2,H,
1997,South Alabama,South I,,Jaguars,SunBelt,,2,,,
1997,Oklahoma,South I,,Sooners,Big12,,3,,,
1997,Long Beach St.,South I,,49ers,BigWest,,4,,,
1997,Houston,South I,,Cougars,CUSA,,5,,,
1997,NC Greensboro,South I,,Spartans,BigSouth,,6,,,
1997,Alabama,South II,,Crimson Tide,SEC,,1,1,H,
1997,USC,South II,,Trojans,Pac12,,2,,,
1997,NC State,South II,,Wolfpack,ACC,,3,,,
1997,Wichita St.,South II,,Shockers,MVC,,4,,,
1997,Virginia Tech,South II,,Hokies,A10,,5,,,
1997,Troy,South II,,Trojans,Summit,,6,,,
1997,Stanford,West,,Cardinal,Pac12,,1,3,H,
1997,CS Fullerton,West,,Titans,BigWest,,2,,,
1997,Texas A&M,West,,Aggies,Big12,,3,,,
1997,Fresno St.,West,,Bulldogs,WAC,,4,,,
1997,Santa Clara,West,,Broncos,WCC,,5,,,
1997,Northeastern,West,,Huskies,AmEast,,6,,,
1998,Miami,Atlantic I,,Hurricanes,Indep,,1,2,H,
1998,South Carolina,Atlantic I,,Gamecocks,SEC,,2,,,
1998,North Carolina,Atlantic I,,Tar Heels,ACC,,3,,,
1998,Texas Tech,Atlantic I,,Red Raiders,Big12,,4,,,
1998,FIU,Atlantic I,,Panthers,ASUN,,5,,,
1998,Bowling Green,Atlantic I,,Falcons,MAC,,6,,,
1998,Florida St.,Atlantic II,,Seminoles,ACC,,1,3,H,
1998,Auburn,Atlantic II,,Tigers,SEC,,2,,,
1998,Delaware,Atlantic II,,Blue Hens,AmEast,,3,,,
1998,Oklahoma,Atlantic II,,Sooners,Big12,,4,,,
1998,Rutgers,Atlantic II,,Scarlet Knights,BigEast,,5,,,
1998,Liberty,Atlantic II,,Flames,BigSouth,,6,,,
1998,Rice,Central,,Owls,WAC,,1,,,
1998,Texas A&M,Central,,Aggies,Big12,,2,,H,
1998,Washington,Central,,Huskies,Pac12,,3,,,
1998,Miss State,Central,,Bulldogs,SEC,,4,8,,
1998,Charlotte,Central,,49ers,CUSA,,5,,,
1998,Oral Roberts,Central,,Golden Eagles,Summit,,6,,,
1998,USC,East,,Trojans,Pac12,,1,4,,
1998,Clemson,East,,Tigers,ACC,,2,,H,
1998,VCU,East,,Rams,Colonial,,3,,,
1998,South Alabama,East,,Jaguars,SunBelt,,4,,,
1998,Citadel,East,,Bulldogs,Southern,,5,,,
1998,Fordham,East,,Rams,A10,,6,,,
1998,Wichita St.,Midwest,,Shockers,MVC,,1,,H,
1998,Georgia Tech,Midwest,,Yellow Jackets,ACC,,2,,,
1998,Arizona St.,Midwest,,Sun Devils,Pac12,,3,6,,
1998,Arkansas,Midwest,,Razorbacks,SEC,,4,,,
1998,Oklahoma St.,Midwest,,Cowboys,Big12,,5,,,
1998,SE Missouri,Midwest,,Redhawks,OVC,,6,,,
1998,Florida,South I,,Gators,SEC,,1,1,H,
1998,Wake Forest,South I,,Demon Deacons,ACC,,2,,,
1998,Baylor,South I,,Bears,Big12,,3,,,
1998,Richmond,South I,,Spiders,Colonial,,4,,,
1998,Illinois,South I,,Fighting Illini,Big10,,5,,,
1998,Monmouth,South I,,Hawks,NEC,,6,,,
1998,LSU,South II,,Tigers,SEC,,1,5,H,
1998,CS Fullerton,South II,,Titans,BigWest,,2,,,
1998,Tulane,South II,,Green Wave,CUSA,,3,,,
1998,Louisiana,South II,,Ragin' Cajuns,SunBelt,,4,,,
1998,Harvard,South II,,Crimson,Ivy,,5,,,
1998,Nicholls,South II,,Colonels,Southland,,6,,,
1998,Stanford,West,,Cardinal,Pac12,,1,,H,
1998,Alabama,West,,Crimson Tide,SEC,,2,,,
1998,Long Beach St.,West,,49ers,BigWest,,3,7,,
1998,NC State,West,,Wolfpack,ACC,,4,,,
1998,Minnesota,West,,Golden Gophers,Big10,,5,,,
1998,Loyola Marymount,West,,Lions,WCC,,6,,,
1999,Miami,Super Regional 1,Coral Gables,Hurricanes,Indep,,1,1,H,H
1999,Fla. Atlantic,Super Regional 1,Coral Gables,Owls,ASUN,,2,,,
1999,FIU,Super Regional 1,Coral Gables,Panthers,SunBelt,,3,,,
1999,Bethune Cookman,Super Regional 1,Coral Gables,Wildcats,MEAC,,4,,,
1999,Wake Forest,Super Regional 1,Winston-Salem,Demon Deacons,ACC,,1,,H,
1999,Richmond,Super Regional 1,Winston-Salem,Spiders,Colonial,,2,,,
1999,Virginia Tech,Super Regional 1,Winston-Salem,Hokies,A10,,3,,,
1999,Siena,Super Regional 1,Winston-Salem,Saints,MAAC,,4,,,
1999,Tulane,Super Regional 2,Auburn,Green Wave,CUSA,,1,,,
1999,Auburn,Super Regional 2,Auburn,Tigers,SEC,,2,,H,
1999,NC State,Super Regional 2,Auburn,Wolfpack,ACC,,3,,,
1999,Winthrop,Super Regional 2,Auburn,Eagles,BigSouth,,4,,,
1999,Florida St.,Super Regional 2,Tallahassee,Seminoles,ACC,,1,2,H,H
1999,Providence,Super Regional 2,Tallahassee,Friars,BigEast,,2,,,
1999,Jacksonville,Super Regional 2,Tallahassee,Dolphins,ASUN,,3,,,
1999,Citadel,Super Regional 2,Tallahassee,Bulldogs,Southern,,4,,,
1999,Ohio State,Super Regional 3,Columbus,Buckeyes,Big10,,1,,H,H
1999,Nebraska,Super Regional 3,Columbus,Cornhuskers,Big12,,2,,,
1999,Miss State,Super Regional 3,Columbus,Bulldogs,SEC,,3,,,
1999,Bowling Green,Super Regional 3,Columbus,Falcons,MAC,,4,,,
1999,CS Fullerton,Super Regional 3,South Bend,Titans,BigWest,,1,3,,
1999,Notre Dame,Super Regional 3,South Bend,Fighting Irish,BigEast,,2,,H,
1999,Creighton,Super Regional 3,South Bend,Bluejays,MVC,,3,,,
1999,Michigan,Super Regional 3,South Bend,Wolverines,Big10,,4,,,
1999,Baylor,Super Regional 4,Waco,Bears,Big12,,1,4,H,H
1999,Minnesota,Super Regional 4,Waco,Golden Gophers,Big10,,2,,,
1999,Arizona,Super Regional 4,Waco,Wildcats,Pac12,,3,,,
1999,Eastern Ill.,Super Regional 4,Waco,Panthers,OVC,,4,,,
1999,Wichita St.,Super Regional 4,Wichita,Shockers,MVC,,1,,H,
1999,Oklahoma St.,Super Regional 4,Wichita,Cowboys,Big12,,2,,,
1999,UCLA,Super Regional 4,Wichita,Bruins,Pac12,,3,,,
1999,Oral Roberts,Super Regional 4,Wichita,Golden Eagles,Summit,,4,,,
1999,East Carolina,Super Regional 5,Baton Rouge,Pirates,Colonial,,1,,,
1999,LSU,Super Regional 5,Baton Rouge,Tigers,SEC,,2,,H,
1999,UL Monroe,Super Regional 5,Baton Rouge,Warhawks,Southland,,3,,,
1999,Southern,Super Regional 5,Baton Rouge,Jaguars,SWAC,,4,,,
1999,Alabama,Super Regional 5,Tuscaloosa,Crimson Tide,SEC,,1,5,H,H
1999,South Alabama,Super Regional 5,Tuscaloosa,Jaguars,SunBelt,,2,,,
1999,Southern Miss,Super Regional 5,Tuscaloosa,Golden Eagles,CUSA,,3,,,
1999,Navy,Super Regional 5,Tuscaloosa,Midshipmen,Patriot,,4,,,
1999,Pepperdine,Super Regional 6,Los Angeles,Waves,WCC,,1,,,
1999,USC,Super Regional 6,Los Angeles,Trojans,Pac12,,2,,H,
1999,VCU,Super Regional 6,Los Angeles,Rams,Colonial,,3,,,
1999,Harvard,Super Regional 6,Los Angeles,Crimson,Ivy,,4,,,
1999,Stanford,Super Regional 6,Palo Alto,Cardinal,Pac12,,1,6,H,H
1999,Nevada,Super Regional 6,Palo Alto,Wolf Pack,BigWest,,2,,,
1999,North Carolina,Super Regional 6,Palo Alto,Tar Heels,ACC,,3,,,
1999,Loyola Marymount,Super Regional 6,Palo Alto,Lions,WCC,,4,,,
1999,Texas A&M,Super Regional 7,College Station,Aggies,Big12,,1,7,H,H
1999,Long Beach St.,Super Regional 7,College Station,49ers,BigWest,,2,,,
1999,Mississippi,Super Regional 7,College Station,Rebels,SEC,,3,,,
1999,Monmouth,Super Regional 7,College Station,Hawks,NEC,,4,,,
1999,Arkansas,Super Regional 7,Fayetteville,Razorbacks,SEC,,1,,H,
1999,Clemson,Super Regional 7,Fayetteville,Tigers,ACC,,2,,,
1999,Missouri St.,Super Regional 7,Fayetteville,Bears,MVC,,3,,,
1999,Delaware,Super Regional 7,Fayetteville,Blue Hens,AmEast,,4,,,
1999,Houston,Super Regional 8,Houston,Cougars,CUSA,,1,,H,
1999,Louisiana,Super Regional 8,Houston,Ragin' Cajuns,SunBelt,,2,,,
1999,Texas,Super Regional 8,Houston,Longhorns,Big12,,3,,,
1999,Texas St.,Super Regional 8,Houston,Bobcats,Southland,,4,,,
1999,Rice,Super Regional 8,Lubbock,Owls,WAC,,1,8,,H
1999,Texas Tech,Super Regional 8,Lubbock,Red Raiders,Big12,,2,,H,
1999,Rutgers,Super Regional 8,Lubbock,Scarlet Knights,BigEast,,3,,,
1999,Milwaukee,Super Regional 8,Lubbock,Panthers,Horizon,,4,,,
2000,South Carolina,Super Regional 1,Columbia,Gamecocks,SEC,,1,1,H,H
2000,Wake Forest,Super Regional 1,Columbia,Demon Deacons,ACC,,2,,,
2000,Seton Hall,Super Regional 1,Columbia,Pirates,BigEast,,3,,,
2000,Liberty,Super Regional 1,Columbia,Flames,BigSouth,,4,,,
2000,East Carolina,Super Regional 1,Lafayette,Pirates,Colonial,,1,,,
2000,Louisiana,Super Regional 1,Lafayette,Ragin' Cajuns,SunBelt,,2,,H,
2000,McNeese,Super Regional 1,Lafayette,Cowboys,Southland,,3,,,
2000,Marist,Super Regional 1,Lafayette,Red Foxes,MAAC,,4,,,
2000,LSU,Super Regional 2,Baton Rouge,Tigers,SEC,,1,2,H,H
2000,New Orleans,Super Regional 2,Baton Rouge,Privateers,SunBelt,,2,,,
2000,UL Monroe,Super Regional 2,Baton Rouge,Warhawks,Southland,,3,,,
2000,Jackson St.,Super Regional 2,Baton Rouge,Tigers,SWAC,,4,,,
2000,UCLA,Super Regional 2,Oklahoma City,Bruins,Pac12,,1,,,
2000,Oklahoma,Super Regional 2,Oklahoma City,Sooners,Big12,,2,,H,
2000,Oral Roberts,Super Regional 2,Oklahoma City,Golden Eagles,Summit,,3,,,
2000,Delaware,Super Regional 2,Oklahoma City,Blue Hens,AmEast,,4,,,
2000,Georgia Tech,Super Regional 3,Atlanta,Yellow Jackets,ACC,,1,3,H,H
2000,Auburn,Super Regional 3,Atlanta,Tigers,SEC,,2,,,
2000,Stetson,Super Regional 3,Atlanta,Hatters,ASUN,,3,,,
2000,Ga. Southern,Super Regional 3,Atlanta,Eagles,Southern,,4,,,
2000,USC,Super Regional 3,Fullerton,Trojans,Pac12,,1,,,
2000,CS Fullerton,Super Regional 3,Fullerton,Titans,BigWest,,2,,H,
2000,Loyola Marymount,Super Regional 3,Fullerton,Lions,WCC,,3,,,
2000,Virginia Tech,Super Regional 3,Fullerton,Hokies,A10,,4,,,
2000,Clemson,Super Regional 4,Clemson,Tigers,ACC,,1,4,H,H
2000,Old Dominion,Super Regional 4,Clemson,Monarchs,Colonial,,2,,,
2000,Illinois,Super Regional 4,Clemson,Fighting Illini,Big10,,3,,,
2000,Middle Tenn.,Super Regional 4,Clemson,Blue Raiders,OVC,,4,,,
2000,Miss State,Super Regional 4,Starkville,Bulldogs,SEC,,1,,H,
2000,Tulane,Super Regional 4,Starkville,Green Wave,CUSA,,2,,,
2000,Notre Dame,Super Regional 4,Starkville,Fighting Irish,BigEast,,3,,,
2000,South Alabama,Super Regional 4,Starkville,Jaguars,SunBelt,,4,,,
2000,Houston,Super Regional 5,Houston,Cougars,CUSA,,1,5,H,H
2000,Rice,Super Regional 5,Houston,Owls,WAC,,2,,,
2000,Texas Tech,Super Regional 5,Houston,Red Raiders,Big12,,3,,,
2000,Princeton,Super Regional 5,Houston,Tigers,Ivy,,4,,,
2000,Baylor,Super Regional 5,Waco,Bears,Big12,,1,,H,
2000,Florida,Super Regional 5,Waco,Gators,SEC,,2,,,
2000,San Jose St.,Super Regional 5,Waco,Spartans,WAC,,3,,,
2000,Texas St.,Super Regional 5,Waco,Bobcats,Southland,,4,,,
2000,Miami,Super Regional 6,Coral Gables,Hurricanes,Indep,,1,,H,
2000,Fla. Atlantic,Super Regional 6,Coral Gables,Owls,ASUN,,2,,,
2000,FIU,Super Regional 6,Coral Gables,Panthers,SunBelt,,3,,,
2000,Wagner,Super Regional 6,Coral Gables,Hokies,NEC,,4,,,
2000,Florida St.,Super Regional 6,Tallahassee,Seminoles,ACC,,1,6,H,H
2000,UCF,Super Regional 6,Tallahassee,Golden Knights,ASUN,,2,,,
2000,Evansville,Super Regional 6,Tallahassee,Aces,MVC,,3,,,
2000,Bethune Cookman,Super Regional 6,Tallahassee,Wildcats,MEAC,,4,,,
2000,Rutgers,Super Regional 7,Montclair,Scarlet Knights,BigEast,,1,,H,
2000,North Carolina,Super Regional 7,Montclair,Tar Heels,ACC,,2,,,
2000,Penn State,Super Regional 7,Montclair,Nittany Lions,Big10,,3,,,
2000,Army,Super Regional 7,Montclair,Cadets,Patriot,,4,,,
2000,Arizona St.,Super Regional 7,Tempe,Sun Devils,Pac12,,1,7,H,
2000,Texas,Super Regional 7,Tempe,Longhorns,Big12,,2,,,H
2000,Creighton,Super Regional 7,Tempe,Bluejays,MVC,,3,,,
2000,Miami Ohio,Super Regional 7,Tempe,Redhawks,MAC,,4,,,
2000,Nebraska,Super Regional 8,Minneapolis,Cornhuskers,Big12,,1,,,
2000,Minnesota,Super Regional 8,Minneapolis,Golden Gophers,Big10,,2,,H,
2000,Wichita St.,Super Regional 8,Minneapolis,Shockers,MVC,,3,,,
2000,Butler,Super Regional 8,Minneapolis,Bulldogs,Horizon,,4,,,
2000,Stanford,Super Regional 8,Palo Alto,Cardinal,Pac12,,1,8,H,H
2000,Alabama,Super Regional 8,Palo Alto,Crimson Tide,SEC,,2,,,
2000,Nevada,Super Regional 8,Palo Alto,Wolf Pack,BigWest,,3,,,
2000,Fresno St.,Super Regional 8,Palo Alto,Bulldogs,WAC,,4,,,
2001,Miss State,Super Regional 1,Columbus,Bulldogs,SEC,,1,,,
2001,Ohio State,Super Regional 1,Columbus,Buckeyes,Big10,,2,,H,
2001,Delaware,Super Regional 1,Columbus,Blue Hens,AmEast,,3,,,
2001,Kent State,Super Regional 1,Columbus,Golden Flashes,MAC,,4,,,
2001,CS Fullerton,Super Regional 1,Fullerton,Titans,BigWest,,1,1,H,H
2001,Arizona St.,Super Regional 1,Fullerton,Sun Devils,Pac12,,2,,,
2001,Texas Tech,Super Regional 1,Fullerton,Red Raiders,Big12,,3,,,
2001,Temple,Super Regional 1,Fullerton,Owls,A10,,4,,,
2001,South Alabama,Super Regional 2,Clemson,Jaguars,SunBelt,,1,,,
2001,Clemson,Super Regional 2,Clemson,Tigers,ACC,,2,,H,
2001,William & Mary,Super Regional 2,Clemson,Tribe,Colonial,,3,,,
2001,Seton Hall,Super Regional 2,Clemson,Pirates,BigEast,,4,,,
2001,Miami,Super Regional 2,Coral Gables,Hurricanes,Indep,,1,2,H,H
2001,Florida,Super Regional 2,Coral Gables,Gators,SEC,,2,,,
2001,Stetson,Super Regional 2,Coral Gables,Hatters,ASUN,,3,,,
2001,Bucknell,Super Regional 2,Coral Gables,Bison,Patriot,,4,,,
2001,USC,Super Regional 3,Los Angeles,Trojans,Pac12,,1,3,H,H
2001,Pepperdine,Super Regional 3,Los Angeles,Waves,WCC,,2,,,
2001,Fresno St.,Super Regional 3,Los Angeles,Bulldogs,WAC,,3,,,
2001,Oral Roberts,Super Regional 3,Los Angeles,Golden Eagles,Summit,,4,,,
2001,Notre Dame,Super Regional 3,South Bend,Fighting Irish,BigEast,,1,,H,
2001,UCSB,Super Regional 3,South Bend,Guachos,BigWest,,2,,,
2001,FIU,Super Regional 3,South Bend,Panthers,SunBelt,,3,,,
2001,Milwaukee,Super Regional 3,South Bend,Panthers,Horizon,,4,,,
2001,UCF,Super Regional 4,Columbia,Golden Knights,ASUN,,1,,,
2001,South Carolina,Super Regional 4,Columbia,Gamecocks,SEC,,2,,H,
2001,Citadel,Super Regional 4,Columbia,Bulldogs,Southern,,3,,,
2001,Princeton,Super Regional 4,Columbia,Tigers,Ivy,,4,,,
2001,Stanford,Super Regional 4,Palo Alto,Cardinal,Pac12,,1,4,H,H
2001,Long Beach St.,Super Regional 4,Palo Alto,49ers,BigWest,,2,,,
2001,Texas,Super Regional 4,Palo Alto,Longhorns,Big12,,3,,,
2001,Marist,Super Regional 4,Palo Alto,Red Foxes,MAAC,,4,,,
2001,LSU,Super Regional 5,Baton Rouge,Tigers,SEC,,1,,H,
2001,VCU,Super Regional 5,Baton Rouge,Rams,Colonial,,2,,,
2001,California,Super Regional 5,Baton Rouge,Golden Bears,Pac12,,3,,,
2001,Minnesota,Super Regional 5,Baton Rouge,Golden Gophers,Big10,,4,,,
2001,Tulane,Super Regional 5,New Orleans,Green Wave,CUSA,,1,5,H,H
2001,Mississippi,Super Regional 5,New Orleans,Rebels,SEC,,2,,,
2001,Oklahoma St.,Super Regional 5,New Orleans,Cowboys,Big12,,3,,,
2001,Southern,Super Regional 5,New Orleans,Jaguars,SWAC,,4,,,
2001,Georgia,Super Regional 6,Athens,Bulldogs,SEC,,1,6,H,H
2001,Georgia Tech,Super Regional 6,Athens,Yellow Jackets,ACC,,2,,,
2001,Coastal Carolina,Super Regional 6,Athens,Chanticleers,BigSouth,,3,,,
2001,Ga. Southern,Super Regional 6,Athens,Eagles,Southern,,4,,,
2001,Florida St.,Super Regional 6,Tallahassee,Seminoles,ACC,,1,,H,
2001,Auburn,Super Regional 6,Tallahassee,Tigers,SEC,,2,,,
2001,Jacksonville,Super Regional 6,Tallahassee,Dolphins,ASUN,,3,,,
2001,Bethune Cookman,Super Regional 6,Tallahassee,Wildcats,MEAC,,4,,,
2001,Wake Forest,Super Regional 7,Knoxville,Demon Deacons,ACC,,1,,,
2001,Tennessee,Super Regional 7,Knoxville,Volunteers,SEC,,2,,H,
2001,Middle Tenn.,Super Regional 7,Knoxville,Blue Raiders,SunBelt,,3,,,
2001,Tennessee Tech,Super Regional 7,Knoxville,Golden Eagles,OVC,,4,,,
2001,East Carolina,Super Regional 7,Wilson,Pirates,Colonial,,1,7,H,H
2001,Winthrop,Super Regional 7,Wilson,Eagles,BigSouth,,2,,,
2001,South Florida,Super Regional 7,Wilson,Bulls,CUSA,,3,,,
2001,UMBC,Super Regional 7,Wilson,Retrievers,NEC,,4,,,
2001,Rice,Super Regional 8,Houston,Owls,WAC,,1,,H,
2001,Baylor,Super Regional 8,Houston,Bears,Big12,,2,,,
2001,Houston,Super Regional 8,Houston,Cougars,CUSA,,3,,,
2001,UT Arlington,Super Regional 8,Houston,Mavericks,Southland,,4,,,
2001,Nebraska,Super Regional 8,Lincoln,Cornhuskers,Big12,,1,8,H,H
2001,Rutgers,Super Regional 8,Lincoln,Scarlet Knights,BigEast,,2,,,
2001,BYU,Super Regional 8,Lincoln,Cougars,MWC,,3,,,
2001,Northern Iowa,Super Regional 8,Lincoln,Panthers,MVC,,4,,,
2002,South Alabama,Super Regional 1,South Bend,Jaguars,SunBelt,,1,,,
2002,Notre Dame,Super Regional 1,South Bend,Fighting Irish,BigEast,,2,,H,
2002,Ohio State,Super Regional 1,South Bend,Buckeyes,Big10,,3,,,
2002,Kent State,Super Regional 1,South Bend,Golden Flashes,MAC,,4,,,
2002,Florida St.,Super Regional 1,Tallahassee,Seminoles,ACC,,1,1,H,H
2002,UCF,Super Regional 1,Tallahassee,Golden Knights,ASUN,,2,,,
2002,South Florida,Super Regional 1,Tallahassee,Bulls,CUSA,,3,,,
2002,Stetson,Super Regional 1,Tallahassee,Hatters,ASUN,,4,,,
2002,Clemson,Super Regional 2,Clemson,Tigers,ACC,,1,2,H,H
2002,East Carolina,Super Regional 2,Clemson,Pirates,CUSA,,2,,,
2002,Elon,Super Regional 2,Clemson,Phoenix,BigSouth,,3,,,
2002,Ga. Southern,Super Regional 2,Clemson,Eagles,Southern,,4,,,
2002,Wichita St.,Super Regional 2,Wichita,Shockers,MVC,,1,,H,
2002,Oklahoma,Super Regional 2,Wichita,Sooners,Big12,,2,,,
2002,Arkansas,Super Regional 2,Wichita,Razorbacks,SEC,,3,,,
2002,Oral Roberts,Super Regional 2,Wichita,Golden Eagles,Summit,,4,,,
2002,Georgia Tech,Super Regional 3,Atlanta,Yellow Jackets,ACC,,1,,H,H
2002,Georgia,Super Regional 3,Atlanta,Bulldogs,SEC,,2,,,
2002,Louisville,Super Regional 3,Atlanta,Cardinals,CUSA,,3,,,
2002,Coastal Carolina,Super Regional 3,Atlanta,Chanticleers,BigSouth,,4,,,
2002,Alabama,Super Regional 3,Tuscaloosa,Crimson Tide,SEC,,1,3,H,
2002,Auburn,Super Regional 3,Tuscaloosa,Tigers,SEC,,2,,,
2002,Fla. Atlantic,Super Regional 3,Tuscaloosa,Owls,ASUN,,3,,,
2002,SE Missouri,Super Regional 3,Tuscaloosa,Redhawks,OVC,,4,,,
2002,LSU,Super Regional 4,Baton Rouge,Tigers,SEC,,1,,H,
2002,Louisiana,Super Regional 4,Baton Rouge,Ragin' Cajuns,SunBelt,,2,,,
2002,Tulane,Super Regional 4,Baton Rouge,Green Wave,CUSA,,3,,,
2002,Southern,Super Regional 4,Baton Rouge,Jaguars,SWAC,,4,,,
2002,Rice,Super Regional 4,Houston,Owls,WAC,,1,4,H,H
2002,Texas Tech,Super Regional 4,Houston,Red Raiders,Big12,,2,,,
2002,Washington,Super Regional 4,Houston,Huskies,Pac12,,3,,,
2002,Harvard,Super Regional 4,Houston,Crimson,Ivy,,4,,,
2002,Texas,Super Regional 5,Austin,Longhorns,Big12,,1,5,H,H
2002,Baylor,Super Regional 5,Austin,Bears,Big12,,2,,,
2002,Lamar,Super Regional 5,Austin,Cardinals,Southland,,3,,,
2002,Central Conn.,Super Regional 5,Austin,Blue Devils,NEC,,4,,,
2002,Houston,Super Regional 5,Tempe,Cougars,CUSA,,1,,,
2002,Arizona St.,Super Regional 5,Tempe,Sun Devils,Pac12,,2,,H,
2002,San Diego,Super Regional 5,Tempe,Toreros,WCC,,3,,,
2002,New Mexico St.,Super Regional 5,Tempe,Aggies,SunBelt,,4,,,
2002,South Carolina,Super Regional 6,Columbia,Gamecocks,SEC,,1,6,H,H
2002,North Carolina,Super Regional 6,Columbia,Tar Heels,ACC,,2,,,
2002,James Madison,Super Regional 6,Columbia,Dukes,Colonial,,3,,,
2002,VCU,Super Regional 6,Columbia,Rams,Colonial,,4,,,
2002,Florida,Super Regional 6,Gainesville,Gators,SEC,,1,,H,
2002,FIU,Super Regional 6,Gainesville,Panthers,SunBelt,,2,,,
2002,Miami,Super Regional 6,Gainesville,Hurricanes,Indep,,3,,,
2002,Bethune Cookman,Super Regional 6,Gainesville,Wildcats,MEAC,,4,,,
2002,Nebraska,Super Regional 7,Lincoln,Cornhuskers,Big12,,1,,H,H
2002,Missouri St.,Super Regional 7,Lincoln,Bears,MVC,,2,,,
2002,Marist,Super Regional 7,Lincoln,Red Foxes,MAAC,,3,,,
2002,Milwaukee,Super Regional 7,Lincoln,Panthers,Horizon,,4,,,
2002,Wake Forest,Super Regional 7,Winston-Salem,Demon Deacons,ACC,,1,7,H,
2002,Richmond,Super Regional 7,Winston-Salem,Spiders,A10,,2,,,
2002,Navy,Super Regional 7,Winston-Salem,Midshipmen,Patriot,,3,,,
2002,G. Washington,Super Regional 7,Winston-Salem,Colonials,A10,,4,,,
2002,USC,Super Regional 8,Los Angeles,Trojans,Pac12,,1,,H,
2002,CS Northridge,Super Regional 8,Los Angeles,Matadors,BigWest,,2,,,
2002,Maine,Super Regional 8,Los Angeles,Black Bears,AmEast,,3,,,
2002,BYU,Super Regional 8,Los Angeles,Cougars,MWC,,4,,,
2002,Stanford,Super Regional 8,Palo Alto,Cardinal,Pac12,,1,8,H,H
2002,Long Beach St.,Super Regional 8,Palo Alto,49ers,BigWest,,2,,,
2002,San Jose St.,Super Regional 8,Palo Alto,Spartans,WAC,,3,,,
2002,CS Fullerton,Super Regional 8,Palo Alto,Titans,BigWest,,4,,,
2003,Texas,Super Regional 1,Austin,Longhorns,Big12,,1,,H,
2003,Arkansas,Super Regional 1,Austin,Razorbacks,SEC,,2,,,
2003,Lamar,Super Regional 1,Austin,Cardinals,Southland,,3,,,
2003,Bucknell,Super Regional 1,Austin,Bison,Patriot,,4,,,
2003,Florida St.,Super Regional 1,Tallahassee,Seminoles,ACC,,1,1,H,H
2003,South Alabama,Super Regional 1,Tallahassee,Jaguars,SunBelt,,2,,,
2003,Rutgers,Super Regional 1,Tallahassee,Scarlet Knights,BigEast,,3,,,
2003,Jacksonville,Super Regional 1,Tallahassee,Dolphins,ASUN,,4,,,
2003,LSU,Super Regional 2,Baton Rouge,Tigers,SEC,,1,2,H,H
2003,Tulane,Super Regional 2,Baton Rouge,Green Wave,CUSA,,2,,,
2003,NC Wilmington,Super Regional 2,Baton Rouge,Seahawks,Colonial,,3,,,
2003,Northeastern,Super Regional 2,Baton Rouge,Huskies,AmEast,,4,,,
2003,Baylor,Super Regional 2,Hattiesburg,Bears,Big12,,1,,,
2003,Southern Miss,Super Regional 2,Hattiesburg,Golden Eagles,CUSA,,2,,H,
2003,Southern,Super Regional 2,Hattiesburg,Jaguars,SWAC,,3,,,
2003,Murray St.,Super Regional 2,Hattiesburg,Racers,OVC,,4,,,
2003,Georgia Tech,Super Regional 3,Atlanta,Yellow Jackets,ACC,,1,3,H,
2003,South Carolina,Super Regional 3,Atlanta,Gamecocks,SEC,,2,,,H
2003,East Carolina,Super Regional 3,Atlanta,Pirates,CUSA,,3,,,
2003,Stetson,Super Regional 3,Atlanta,Hatters,ASUN,,4,,,
2003,Miss State,Super Regional 3,Starkville,Bulldogs,SEC,,1,,H,
2003,North Carolina,Super Regional 3,Starkville,Tar Heels,ACC,,2,,,
2003,Missouri,Super Regional 3,Starkville,Tigers,Big12,,3,,,
2003,Middle Tenn.,Super Regional 3,Starkville,Blue Raiders,SunBelt,,4,,,
2003,Auburn,Super Regional 4,Auburn,Tigers,SEC,,1,4,H,
2003,Clemson,Super Regional 4,Auburn,Tigers,ACC,,2,,,
2003,Ohio State,Super Regional 4,Auburn,Buckeyes,Big10,,3,,,H
2003,Princeton,Super Regional 4,Auburn,Tigers,Ivy,,4,,,
2003,Nebraska,Super Regional 4,Lincoln,Cornhuskers,Big12,,1,,H,
2003,Coastal Carolina,Super Regional 4,Lincoln,Chanticleers,BigSouth,,2,,,
2003,Missouri St.,Super Regional 4,Lincoln,Bears,MVC,,3,,,
2003,Eastern Mich.,Super Regional 4,Lincoln,Eagles,MAC,,4,,,
2003,Texas A&M,Super Regional 5,College Station,Aggies,Big12,,1,,H,
2003,Alabama,Super Regional 5,College Station,Crimson Tide,SEC,,2,,,
2003,Houston,Super Regional 5,College Station,Cougars,CUSA,,3,,,
2003,Oral Roberts,Super Regional 5,College Station,Golden Eagles,Summit,,4,,,
2003,Rice,Super Regional 5,Houston,Owls,WAC,,1,5,H,H
2003,Mississippi,Super Regional 5,Houston,Rebels,SEC,,2,,,
2003,Wichita St.,Super Regional 5,Houston,Shockers,MVC,,3,,,
2003,McNeese,Super Regional 5,Houston,Cowboys,Southland,,4,,,
2003,Long Beach St.,Super Regional 6,Long Beach,49ers,BigWest,,1,,H,
2003,Minnesota,Super Regional 6,Long Beach,Golden Gophers,Big10,,2,,,
2003,Washington,Super Regional 6,Long Beach,Huskies,Pac12,,3,,,
2003,Pepperdine,Super Regional 6,Long Beach,Waves,WCC,,4,,,
2003,Stanford,Super Regional 6,Palo Alto,Cardinal,Pac12,,1,6,H,H
2003,Richmond,Super Regional 6,Palo Alto,Spiders,A10,,2,,,
2003,UC Riverside,Super Regional 6,Palo Alto,Highlanders,BigWest,,3,,,
2003,UIC,Super Regional 6,Palo Alto,Flames,Horizon,,4,,,
2003,CS Fullerton,Super Regional 7,Fullerton,Titans,BigWest,,1,7,H,H
2003,Arizona,Super Regional 7,Fullerton,Wildcats,Pac12,,2,,,
2003,Notre Dame,Super Regional 7,Fullerton,Fighting Irish,BigEast,,3,,,
2003,San Diego,Super Regional 7,Fullerton,Toreros,WCC,,4,,,
2003,Arizona St.,Super Regional 7,Tempe,Sun Devils,Pac12,,1,,H,
2003,UNLV,Super Regional 7,Tempe,Rebels,MWC,,2,,,
2003,New Mexico St.,Super Regional 7,Tempe,Aggies,SunBelt,,3,,,
2003,Central Conn.,Super Regional 7,Tempe,Blue Devils,NEC,,4,,,
2003,Miami,Super Regional 8,Coral Gabels,Hurricanes,Indep,,1,8,H,H
2003,Fla. Atlantic,Super Regional 8,Coral Gabels,Owls,ASUN,,2,,,
2003,Florida,Super Regional 8,Coral Gabels,Gators,SEC,,3,,,
2003,Bethune Cookman,Super Regional 8,Coral Gabels,Wildcats,MEAC,,4,,,
2003,NC State,Super Regional 8,Wilson,Wolfpack,ACC,,1,,H,
2003,VCU,Super Regional 8,Wilson,Rams,Colonial,,2,,,
2003,Western Caro.,Super Regional 8,Wilson,Catamounts,Southern,,3,,,
2003,Le Moyne,Super Regional 8,Wilson,Dolphins,MAAC,,4,,,
2004,Texas,Super Regional 1,Austin,Longhorns,Big12,,1,1,H,H
2004,Oral Roberts,Super Regional 1,Austin,Golden Eagles,Summit,,2,,,
2004,TCU,Super Regional 1,Austin,Horned Frogs,CUSA,,3,,,
2004,Youngstown St.,Super Regional 1,Austin,Penguins,Horizon,,4,,,
2004,Virginia,Super Regional 1,Charlottesville,Cavaliers,ACC,,1,,H,
2004,Vanderbilt,Super Regional 1,Charlottesville,Commodores,SEC,,2,,,
2004,George Mason,Super Regional 1,Charlottesville,Patriots,Colonial,,3,,,
2004,Princeton,Super Regional 1,Charlottesville,Tigers,Ivy,,4,,,
2004,South Carolina,Super Regional 2,Columbia,Gamecocks,SEC,,1,2,H,H
2004,North Carolina,Super Regional 2,Columbia,Tar Heels,ACC,,2,,,
2004,Coastal Carolina,Super Regional 2,Columbia,Chanticleers,BigSouth,,3,,,
2004,Citadel,Super Regional 2,Columbia,Bulldogs,Southern,,4,,,
2004,East Carolina,Super Regional 2,Kinston,Pirates,CUSA,,1,,H,
2004,Tennessee,Super Regional 2,Kinston,Volunteers,SEC,,2,,,
2004,NC Wilmington,Super Regional 2,Kinston,Seahawks,Colonial,,3,,,
2004,Stony Brook,Super Regional 2,Kinston,Seawolves,AmEast,,4,,,
2004,Miami,Super Regional 3,Coral Gables,Hurricanes,Indep,,1,3,H,H
2004,NC State,Super Regional 3,Coral Gables,Wolfpack,ACC,,2,,,
2004,Fla. Atlantic,Super Regional 3,Coral Gables,Owls,ASUN,,3,,,
2004,St. Bonaventure,Super Regional 3,Coral Gables,Bonnies,A10,,4,,,
2004,Florida,Super Regional 3,Oklahoma City,Gators,SEC,,1,,,
2004,Oklahoma,Super Regional 3,Oklahoma City,Sooners,Big12,,2,,H,
2004,UCLA,Super Regional 3,Oklahoma City,Bruins,Pac12,,3,,,
2004,Central Conn.,Super Regional 3,Oklahoma City,Blue Devils,NEC,,4,,,
2004,Georgia,Super Regional 4,Athens,Bulldogs,SEC,,1,,H,
2004,Clemson,Super Regional 4,Athens,Tigers,ACC,,2,,,
2004,Birmingham So.,Super Regional 4,Athens,Panthers,BigSouth,,3,,,
2004,Middle Tenn.,Super Regional 4,Athens,Blue Raiders,SunBelt,,4,,,
2004,Georgia Tech,Super Regional 4,Atlanta,Yellow Jackets,ACC,,1,4,H,H
2004,Texas Tech,Super Regional 4,Atlanta,Red Raiders,Big12,,2,,,
2004,Miss State,Super Regional 4,Atlanta,Bulldogs,SEC,,3,,,
2004,Jacksonville St.,Super Regional 4,Atlanta,Gamecocks,OVC,,4,,,
2004,Stanford,Super Regional 5,Palo Alto,Cardinal,Pac12,,1,5,H,
2004,Long Beach St.,Super Regional 5,Palo Alto,49ers,BigWest,,2,,,H
2004,St. John's,Super Regional 5,Palo Alto,Red Storm,BigEast,,3,,,
2004,UNLV,Super Regional 5,Palo Alto,Rebels,MWC,,4,,,
2004,Notre Dame,Super Regional 5,South Bend,Fighting Irish,BigEast,,1,,H,
2004,UC Irvine,Super Regional 5,South Bend,Anteaters,BigWest,,2,,,
2004,Arizona,Super Regional 5,South Bend,Wildcats,Pac12,,3,,,
2004,Kent State,Super Regional 5,South Bend,Golden Flashes,MAC,,4,,,
2004,LSU,Super Regional 6,Baton Rouge,Tigers,SEC,,1,,H,H
2004,Southern Miss,Super Regional 6,Baton Rouge,Golden Eagles,CUSA,,2,,,
2004,Charleston,Super Regional 6,Baton Rouge,Cougars,Southern,,3,,,
2004,Army,Super Regional 6,Baton Rouge,Cadets,Patriot,,4,,,
2004,Rice,Super Regional 6,Houston,Owls,WAC,,1,6,H,
2004,Texas A&M,Super Regional 6,Houston,Aggies,Big12,,2,,,
2004,Lamar,Super Regional 6,Houston,Cardinals,Southland,,3,,,
2004,Texas Southern,Super Regional 6,Houston,Tigers,SWAC,,4,,,
2004,Arizona St.,Super Regional 7,Fullerton,Sun Devils,Pac12,,1,7,,
2004,CS Fullerton,Super Regional 7,Fullerton,Titans,BigWest,,2,,H,H
2004,Minnesota,Super Regional 7,Fullerton,Golden Gophers,Big10,,3,,,
2004,Pepperdine,Super Regional 7,Fullerton,Waves,WCC,,4,,,
2004,Mississippi,Super Regional 7,Oxford,Rebels,SEC,,1,,H,
2004,Washington,Super Regional 7,Oxford,Huskies,Pac12,,2,,,
2004,Tulane,Super Regional 7,Oxford,Green Wave,CUSA,,3,,,
2004,Western Ky.,Super Regional 7,Oxford,Hilltoppers,SunBelt,,4,,,
2004,Arkansas,Super Regional 8,Fayetteville,Razorbacks,SEC,,1,8,H,H
2004,Wichita St.,Super Regional 8,Fayetteville,Shockers,MVC,,2,,,
2004,Missouri,Super Regional 8,Fayetteville,Tigers,Big12,,3,,,
2004,Le Moyne,Super Regional 8,Fayetteville,Dolphins,MAAC,,4,,,
2004,Florida St.,Super Regional 8,Tallahassee,Seminoles,ACC,,1,,H,
2004,Oklahoma St.,Super Regional 8,Tallahassee,Cowboys,Big12,,2,,,
2004,UCF,Super Regional 8,Tallahassee,Golden Knights,ASUN,,3,,,
2004,Bethune Cookman,Super Regional 8,Tallahassee,Wildcats,MEAC,,4,,,
2005,LSU,Super Regional 1,Baton Rouge,Tigers,SEC,,1,,H,
2005,Rice,Super Regional 1,Baton Rouge,Owls,WAC,,2,,,
2005,Northwestern St.,Super Regional 1,Baton Rouge,Demons,Southland,,3,,,
2005,Marist,Super Regional 1,Baton Rouge,Red Foxes,MAAC,,4,,,
2005,Tulane,Super Regional 1,New Orleans,Green Wave,CUSA,,1,1,H,H
2005,Alabama,Super Regional 1,New Orleans,Crimson Tide,SEC,,2,,,
2005,Louisiana,Super Regional 1,New Orleans,Ragin' Cajuns,SunBelt,,3,,,
2005,Southern,Super Regional 1,New Orleans,Jaguars,SWAC,,4,,,
2005,Georgia Tech,Super Regional 2,Atlanta,Yellow Jackets,ACC,,1,2,H,H
2005,South Carolina,Super Regional 2,Atlanta,Gamecocks,SEC,,2,,,
2005,Michigan,Super Regional 2,Atlanta,Wolverines,Big10,,3,,,
2005,Furman,Super Regional 2,Atlanta,Paladins,Southern,,4,,,
2005,Tennessee,Super Regional 2,Knoxville,Volunteers,SEC,,1,,H,
2005,Winthrop,Super Regional 2,Knoxville,Eagles,BigSouth,,2,,,
2005,Wichita St.,Super Regional 2,Knoxville,Shockers,MVC,,3,,,
2005,Austin Peay,Super Regional 2,Knoxville,Govenors,OVC,,4,,,
2005,Miami,Super Regional 3,Coral Gables,Hurricanes,ACC,,1,,H,
2005,Miss State,Super Regional 3,Coral Gables,Bulldogs,SEC,,2,,,
2005,Fla. Atlantic,Super Regional 3,Coral Gables,Owls,ASUN,,3,,,
2005,VCU,Super Regional 3,Coral Gables,Rams,Colonial,,4,,,
2005,Nebraska,Super Regional 3,Lincoln,Cornhuskers,Big12,,1,3,H,H
2005,NC State,Super Regional 3,Lincoln,Wolfpack,ACC,,2,,,
2005,Creighton,Super Regional 3,Lincoln,Bluejays,MVC,,3,,,
2005,UIC,Super Regional 3,Lincoln,Flames,Horizon,,4,,,
2005,Clemson,Super Regional 4,Clemson,Tigers,ACC,,1,,H,
2005,Charleston,Super Regional 4,Clemson,Cougars,Southern,,2,,,
2005,Oral Roberts,Super Regional 4,Clemson,Golden Eagles,Summit,,3,,,
2005,NC A&T,Super Regional 4,Clemson,Aggies,MEAC,,4,,,
2005,Baylor,Super Regional 4,Waco,Bears,Big12,,1,4,H,H
2005,TCU,Super Regional 4,Waco,Horned Frogs,CUSA,,2,,,
2005,Stanford,Super Regional 4,Waco,Cardinal,Pac12,,3,,,
2005,UTSA,Super Regional 4,Waco,Roadrunners,Southland,,4,,,
2005,Texas,Super Regional 5,Austin,Longhorns,Big12,,1,,H,
2005,Arkansas,Super Regional 5,Austin,Razorbacks,SEC,,2,,,
2005,Miami Ohio,Super Regional 5,Austin,Redhawks,MAC,,3,,,
2005,Quinnipiac,Super Regional 5,Austin,Bobcats,NEC,,4,,,
2005,Mississippi,Super Regional 5,Oxford,Rebels,SEC,,1,5,H,H
2005,Southern Miss,Super Regional 5,Oxford,Golden Eagles,CUSA,,2,,,
2005,Oklahoma,Super Regional 5,Oxford,Sooners,Big12,,3,,,
2005,Maine,Super Regional 5,Oxford,Black Bears,AmEast,,4,,,
2005,CS Fullerton,Super Regional 6,Fullerton,Titans,BigWest,,1,6,H,H
2005,Arizona,Super Regional 6,Fullerton,Wildcats,Pac12,,2,,,
2005,Missouri,Super Regional 6,Fullerton,Tigers,Big12,,3,,,
2005,Harvard,Super Regional 6,Fullerton,Crimson,Ivy,,4,,,
2005,Coastal Carolina,Super Regional 6,Tempe,Chanticleers,BigSouth,,1,,,
2005,Arizona St.,Super Regional 6,Tempe,Sun Devils,Pac12,,2,,H,
2005,East Carolina,Super Regional 6,Tempe,Pirates,CUSA,,3,,,
2005,UNLV,Super Regional 6,Tempe,Rebels,MWC,,4,,,
2005,Florida,Super Regional 7,Gainesville,Gators,SEC,,1,7,H,H
2005,North Carolina,Super Regional 7,Gainesville,Tar Heels,ACC,,2,,,
2005,Notre Dame,Super Regional 7,Gainesville,Fighting Irish,BigEast,,3,,,
2005,Stetson,Super Regional 7,Gainesville,Hatters,ASUN,,4,,,
2005,Florida St.,Super Regional 7,Tallahassee,Seminoles,ACC,,1,,H,
2005,Auburn,Super Regional 7,Tallahassee,Tigers,SEC,,2,,,
2005,South Alabama,Super Regional 7,Tallahassee,Jaguars,SunBelt,,3,,,
2005,Army,Super Regional 7,Tallahassee,Cadets,Patriot,,4,,,
2005,Oregon St.,Super Regional 8,Corvalis,Beavers,Pac12,,1,8,H,H
2005,Virginia,Super Regional 8,Corvalis,Cavaliers,ACC,,2,,,
2005,St. John's,Super Regional 8,Corvalis,Red Storm,BigEast,,3,,,
2005,Ohio State,Super Regional 8,Corvalis,Buckeyes,Big10,,4,,,
2005,Long Beach St.,Super Regional 8,Long Beach,49ers,BigWest,,1,,H,
2005,USC,Super Regional 8,Long Beach,Trojans,Pac12,,2,,,
2005,Pepperdine,Super Regional 8,Long Beach,Waves,WCC,,3,,,
2005,Rhode Island,Super Regional 8,Long Beach,Rams,A10,,4,,,
2006,Clemson,Super Regional 1,Clemson,Tigers,ACC,,1,1,H,H
2006,Elon,Super Regional 1,Clemson,Phoenix,Southern,,2,,,
2006,Miss State,Super Regional 1,Clemson,Bulldogs,SEC,,3,,,
2006,NC Asheville,Super Regional 1,Clemson,Bulldogs,BigSouth,,4,,,
2006,Oklahoma St.,Super Regional 1,Fayetteville,Cowboys,Big12,,1,,,
2006,Arkansas,Super Regional 1,Fayetteville,Razorbacks,SEC,,2,,H,
2006,Oral Roberts,Super Regional 1,Fayetteville,Golden Eagles,Summit,,3,,,
2006,Princeton,Super Regional 1,Fayetteville,Tigers,Ivy,,4,,,
2006,Rice,Super Regional 2,Houston,Owls,CUSA,,1,2,H,H
2006,Arizona St.,Super Regional 2,Houston,Sun Devils,Pac12,,2,,,
2006,Baylor,Super Regional 2,Houston,Bears,Big12,,3,,,
2006,Prairie View,Super Regional 2,Houston,Vikings,SWAC,,4,,,
2006,Oklahoma,Super Regional 2,Norman,Sooners,Big12,,1,,H,
2006,Houston,Super Regional 2,Norman,Cougars,CUSA,,2,,,
2006,Wichita St.,Super Regional 2,Norman,Shockers,MVC,,3,,,
2006,TCU,Super Regional 2,Norman,Horned Frogs,MWC,,4,,,
2006,Texas,Super Regional 3,Austin,Longhorns,Big12,,1,3,H,
2006,NC State,Super Regional 3,Austin,Wolfpack,ACC,,2,,,
2006,Stanford,Super Regional 3,Austin,Cardinal,Pac12,,3,,,
2006,UT Arlington,Super Regional 3,Austin,Mavericks,Southland,,4,,,
2006,Oregon St.,Super Regional 3,Corvalis,Beavers,Pac12,,1,,H,H
2006,Kansas,Super Regional 3,Corvalis,Jayhawks,Big12,,2,,,
2006,Hawaii,Super Regional 3,Corvalis,Rainbow Warriors,WAC,,3,,,
2006,Wright St.,Super Regional 3,Corvalis,Raiders,Horizon,,4,,,
2006,North Carolina,Super Regional 4,Chapel Hill,Tar Heels,ACC,,1,,H,
2006,Winthrop,Super Regional 4,Chapel Hill,Eagles,BigSouth,,2,,,
2006,NC Wilmington,Super Regional 4,Chapel Hill,Seahawks,Colonial,,3,,,
2006,Maine,Super Regional 4,Chapel Hill,Black Bears,AmEast,,4,,,
2006,Alabama,Super Regional 4,Tuscaloosa,Crimson Tide,SEC,,1,4,H,H
2006,Troy,Super Regional 4,Tuscaloosa,Trojans,SunBelt,,2,,,
2006,Southern Miss,Super Regional 4,Tuscaloosa,Golden Eagles,CUSA,,3,,,
2006,Jacksonville St.,Super Regional 4,Tuscaloosa,Gamecocks,OVC,,4,,,
2006,CS Fullerton,Super Regional 5,Fullerton,Titans,BigWest,,1,5,H,H
2006,Fresno St.,Super Regional 5,Fullerton,Bulldogs,WAC,,2,,,
2006,San Diego,Super Regional 5,Fullerton,Toreros,WCC,,3,,,
2006,St. Louis,Super Regional 5,Fullerton,Billikens,A10,,4,,,
2006,Pepperdine,Super Regional 5,Malibu,Waves,WCC,,1,,H,
2006,UCLA,Super Regional 5,Malibu,Bruins,Pac12,,2,,,
2006,UC Irvine,Super Regional 5,Malibu,Anteaters,BigWest,,3,,,
2006,Missouri,Super Regional 5,Malibu,Tigers,Big12,,4,,,
2006,Nebraska,Super Regional 6,Lincoln,Cornhuskers,Big12,,1,6,H,
2006,Miami,Super Regional 6,Lincoln,Hurricanes,ACC,,2,,,
2006,San Francisco,Super Regional 6,Lincoln,Dons,WCC,,3,,,
2006,Manhattan,Super Regional 6,Lincoln,Jaspers,MAAC,,4,,,
2006,Mississippi,Super Regional 6,Oxford,Rebels,SEC,,1,,H,H
2006,Tulane,Super Regional 6,Oxford,Green Wave,CUSA,,2,,,
2006,South Alabama,Super Regional 6,Oxford,Jaguars,SunBelt,,3,,,
2006,Bethune Cookman,Super Regional 6,Oxford,Wildcats,MEAC,,4,,,
2006,Georgia,Super Regional 7,Athens,Bulldogs,SEC,,1,7,H,H
2006,Florida St.,Super Regional 7,Athens,Seminoles,ACC,,2,,,
2006,Jacksonville,Super Regional 7,Athens,Dolphins,ASUN,,3,,,
2006,Sacred Heart,Super Regional 7,Athens,Pioneers,NEC,,4,,,
2006,Virginia,Super Regional 7,Charlottesville,Cavaliers,ACC,,1,,H,
2006,South Carolina,Super Regional 7,Charlottesville,Gamecocks,SEC,,2,,,
2006,Evansville,Super Regional 7,Charlottesville,Aces,MVC,,3,,,
2006,Lehigh,Super Regional 7,Charlottesville,Mountain Hawks,Patriot,,4,,,
2006,Georgia Tech,Super Regional 8,Atlanta,Yellow Jackets,ACC,,1,8,H,H
2006,Vanderbilt,Super Regional 8,Atlanta,Commodores,SEC,,2,,,
2006,Michigan,Super Regional 8,Atlanta,Wolverines,Big10,,3,,,
2006,Stetson,Super Regional 8,Atlanta,Hatters,ASUN,,4,,,
2006,Kentucky,Super Regional 8,Lexington,Wildcats,SEC,,1,,H,
2006,Charleston,Super Regional 8,Lexington,Cougars,Southern,,2,,,
2006,Notre Dame,Super Regional 8,Lexington,Fighting Irish,BigEast,,3,,,
2006,Ball State,Super Regional 8,Lexington,Cardinals,MAC,,4,,,
2007,Virginia,Super Regional 1,Charlottesville,Cavaliers,ACC,,1,,H,
2007,Rutgers,Super Regional 1,Charlottesville,Scarlet Knights,BigEast,,2,,,
2007,Oregon St.,Super Regional 1,Charlottesville,Beavers,Pac12,,3,,,H
2007,Lafayette,Super Regional 1,Charlottesville,Leopards,Patriot,,4,,,
2007,Vanderbilt,Super Regional 1,Nashville,Commodores,SEC,,1,1,H,
2007,Michigan,Super Regional 1,Nashville,Wolverines,Big10,,2,,,
2007,Memphis,Super Regional 1,Nashville,Tigers,CUSA,,3,,,
2007,Austin Peay,Super Regional 1,Nashville,Govenors,OVC,,4,,,
2007,Texas A&M,Super Regional 2,College Station,Aggies,Big12,,1,,H,
2007,Louisiana,Super Regional 2,College Station,Ragin' Cajuns,SunBelt,,2,,,
2007,Ohio State,Super Regional 2,College Station,Buckeyes,Big10,,3,,,
2007,Le Moyne,Super Regional 2,College Station,Dolphins,MAAC,,4,,,
2007,Rice,Super Regional 2,Houston,Owls,CUSA,,1,2,H,H
2007,TCU,Super Regional 2,Houston,Horned Frogs,MWC,,2,,,
2007,Baylor,Super Regional 2,Houston,Bears,Big12,,3,,,
2007,Prairie View,Super Regional 2,Houston,Vikings,SWAC,,4,,,
2007,North Carolina,Super Regional 3,Chapel Hill,Tar Heels,ACC,,1,3,H,H
2007,East Carolina,Super Regional 3,Chapel Hill,Pirates,CUSA,,2,,,
2007,Western Caro.,Super Regional 3,Chapel Hill,Catamounts,Southern,,3,,,
2007,Jacksonville,Super Regional 3,Chapel Hill,Dolphins,ASUN,,4,,,
2007,South Carolina,Super Regional 3,Columbia,Gamecocks,SEC,,1,,H,
2007,NC State,Super Regional 3,Columbia,Wolfpack,ACC,,2,,,
2007,Charlotte,Super Regional 3,Columbia,49ers,A10,,3,,,
2007,Wofford,Super Regional 3,Columbia,Terriers,Southern,,4,,,
2007,Texas,Super Regional 4,Round Rock,Longhorns,Big12,,1,4,H,
2007,UC Irvine,Super Regional 4,Round Rock,Anteaters,BigWest,,2,,,
2007,Wake Forest,Super Regional 4,Round Rock,Demon Deacons,ACC,,3,,,
2007,Brown,Super Regional 4,Round Rock,Bears,Ivy,,4,,,
2007,Wichita St.,Super Regional 4,Wichita,Shockers,MVC,,1,,H,H
2007,Arizona,Super Regional 4,Wichita,Wildcats,Pac12,,2,,,
2007,Oral Roberts,Super Regional 4,Wichita,Golden Eagles,Summit,,3,,,
2007,New Orleans,Super Regional 4,Wichita,Privateers,SunBelt,,4,,,
2007,Mississippi,Super Regional 5,Oxford,Rebels,SEC,,1,,H,
2007,Southern Miss,Super Regional 5,Oxford,Golden Eagles,CUSA,,2,,,
2007,Troy,Super Regional 5,Oxford,Trojans,SunBelt,,3,,,
2007,Sam Houston,Super Regional 5,Oxford,Bearkats,Southland,,4,,,
2007,Arizona St.,Super Regional 5,Tempe,Sun Devils,Pac12,,1,5,H,H
2007,UC Riverside,Super Regional 5,Tempe,Highlanders,BigWest,,2,,,
2007,Nebraska,Super Regional 5,Tempe,Cornhuskers,Big12,,3,,,
2007,Monmouth,Super Regional 5,Tempe,Hawks,NEC,,4,,,
2007,Coastal Carolina,Super Regional 6,Myrtle Beach,Chanticleers,BigSouth,,1,,H,
2007,Clemson,Super Regional 6,Myrtle Beach,Tigers,ACC,,2,,,
2007,St. John's,Super Regional 6,Myrtle Beach,Red Storm,BigEast,,3,,,
2007,VCU,Super Regional 6,Myrtle Beach,Rams,Colonial,,4,,,
2007,Florida St.,Super Regional 6,Tallahassee,Seminoles,ACC,,1,6,H,
2007,Miss State,Super Regional 6,Tallahassee,Bulldogs,SEC,,2,,,H
2007,Stetson,Super Regional 6,Tallahassee,Hatters,ASUN,,3,,,
2007,Bethune Cookman,Super Regional 6,Tallahassee,Wildcats,MEAC,,4,,,
2007,Missouri,Super Regional 7,Columbia Mo,Tigers,Big12,,1,,H,
2007,Miami,Super Regional 7,Columbia Mo,Hurricanes,ACC,,2,,,
2007,Louisville,Super Regional 7,Columbia Mo,Cardinals,BigEast,,3,,,H
2007,Kent State,Super Regional 7,Columbia Mo,Golden Flashes,MAC,,4,,,
2007,Arkansas,Super Regional 7,Fayetteville,Razorbacks,SEC,,1,7,H,
2007,Creighton,Super Regional 7,Fayetteville,Bluejays,MVC,,2,,,
2007,Oklahoma St.,Super Regional 7,Fayetteville,Cowboys,Big12,,3,,,
2007,Albany,Super Regional 7,Fayetteville,Great Danes,AmEast,,4,,,
2007,Long Beach St.,Super Regional 8,Long Beach,49ers,BigWest,,1,,H,
2007,UCLA,Super Regional 8,Long Beach,Bruins,Pac12,,2,,,
2007,Pepperdine,Super Regional 8,Long Beach,Waves,WCC,,3,,,
2007,UIC,Super Regional 8,Long Beach,Flames,Horizon,,4,,,
2007,San Diego,Super Regional 8,San Diego,Toreros,WCC,,1,8,H,
2007,CS Fullerton,Super Regional 8,San Diego,Titans,BigWest,,2,,,H
2007,Minnesota,Super Regional 8,San Diego,Golden Gophers,Big10,,3,,,
2007,Fresno St.,Super Regional 8,San Diego,Bulldogs,WAC,,4,,,
2008,Arizona,Super Regional 1,Ann Arbor,Wildcats,Pac12,,1,,,
2008,Michigan,Super Regional 1,Ann Arbor,Wolverines,Big10,,2,,H,
2008,Kentucky,Super Regional 1,Ann Arbor,Wildcats,SEC,,3,,,
2008,Eastern Mich.,Super Regional 1,Ann Arbor,Eagles,MAC,,4,,,
2008,Miami,Super Regional 1,Coral Gables,Hurricanes,ACC,,1,1,H,H
2008,Missouri,Super Regional 1,Coral Gables,Tigers,Big12,,2,,,
2008,Mississippi,Super Regional 1,Coral Gables,Rebels,SEC,,3,,,
2008,Bethune Cookman,Super Regional 1,Coral Gables,Wildcats,MEAC,,4,,,
2008,North Carolina,Super Regional 2,Cary,Tar Heels,ACC,,1,2,H,H
2008,NC Wilmington,Super Regional 2,Cary,Seahawks,Colonial,,2,,,
2008,Elon,Super Regional 2,Cary,Phoenix,Southern,,3,,,
2008,Mount St. Mary's,Super Regional 2,Cary,Mountaineers,NEC,,4,,,
2008,Coastal Carolina,Super Regional 2,Conway,Chanticleers,BigSouth,,1,,H,
2008,East Carolina,Super Regional 2,Conway,Pirates,CUSA,,2,,,
2008,Alabama,Super Regional 2,Conway,Crimson Tide,SEC,,3,,,
2008,Columbia,Super Regional 2,Conway,Lions,Ivy,,4,,,
2008,Long Beach St.,Super Regional 3,Long Beach,49ers,BigWest,,1,,H,
2008,San Diego,Super Regional 3,Long Beach,Toreros,WCC,,2,,,
2008,California,Super Regional 3,Long Beach,Golden Bears,Pac12,,3,,,
2008,Fresno St.,Super Regional 3,Long Beach,Bulldogs,WAC,,4,,,
2008,Arizona St.,Super Regional 3,Tempe,Sun Devils,Pac12,,1,3,H,H
2008,Vanderbilt,Super Regional 3,Tempe,Commodores,SEC,,2,,,
2008,Oklahoma,Super Regional 3,Tempe,Sooners,Big12,,3,,,
2008,Stony Brook,Super Regional 3,Tempe,Seawolves,AmEast,,4,,,
2008,Oklahoma St.,Super Regional 4,Stillwater,Cowboys,Big12,,1,,H,
2008,Wichita St.,Super Regional 4,Stillwater,Shockers,MVC,,2,,,
2008,TCU,Super Regional 4,Stillwater,Horned Frogs,MWC,,3,,,
2008,Western Ky.,Super Regional 4,Stillwater,Hilltoppers,SunBelt,,4,,,
2008,Florida St.,Super Regional 4,Tallahassee,Seminoles,ACC,,1,4,H,H
2008,Florida,Super Regional 4,Tallahassee,Gators,SEC,,2,,,
2008,Tulane,Super Regional 4,Tallahassee,Green Wave,CUSA,,3,,,
2008,Bucknell,Super Regional 4,Tallahassee,Bison,Patriot,,4,,,
2008,CS Fullerton,Super Regional 5,Fullerton,Titans,BigWest,,1,5,H,H
2008,UCLA,Super Regional 5,Fullerton,Bruins,Pac12,,2,,,
2008,Virginia,Super Regional 5,Fullerton,Cavaliers,ACC,,3,,,
2008,Rider,Super Regional 5,Fullerton,Broncs,MAAC,,4,,,
2008,Stanford,Super Regional 5,Palo Alto,Cardinal,Pac12,,1,,H,
2008,Pepperdine,Super Regional 5,Palo Alto,Waves,WCC,,2,,,
2008,Arkansas,Super Regional 5,Palo Alto,Razorbacks,SEC,,3,,,
2008,UC Davis,Super Regional 5,Palo Alto,Aggies,BigWest,,4,,,
2008,Texas A&M,Super Regional 6,College Station,Aggies,Big12,,1,,H,
2008,Dallas Baptist,Super Regional 6,College Station,Patriots,Indep,,2,,,
2008,Houston,Super Regional 6,College Station,Cougars,CUSA,,3,,,
2008,UIC,Super Regional 6,College Station,Flames,Horizon,,4,,,
2008,Rice,Super Regional 6,Houston,Owls,CUSA,,1,6,H,H
2008,Texas,Super Regional 6,Houston,Longhorns,Big12,,2,,,
2008,St. John's,Super Regional 6,Houston,Red Storm,BigEast,,3,,,
2008,Sam Houston,Super Regional 6,Houston,Bearkats,Southland,,4,,,
2008,LSU,Super Regional 7,Baton Rouge,Tigers,SEC,,1,7,H,H
2008,Southern Miss,Super Regional 7,Baton Rouge,Golden Eagles,CUSA,,2,,,
2008,New Orleans,Super Regional 7,Baton Rouge,Privateers,SunBelt,,3,,,
2008,Texas Southern,Super Regional 7,Baton Rouge,Tigers,SWAC,,4,,,
2008,Nebraska,Super Regional 7,Lincoln,Cornhuskers,Big12,,1,,H,
2008,UC Irvine,Super Regional 7,Lincoln,Anteaters,BigWest,,2,,,
2008,Oral Roberts,Super Regional 7,Lincoln,Golden Eagles,Summit,,3,,,
2008,Eastern Ill.,Super Regional 7,Lincoln,Panthers,OVC,,4,,,
2008,Georgia,Super Regional 8,Athens,Bulldogs,SEC,,1,8,H,H
2008,Georgia Tech,Super Regional 8,Athens,Yellow Jackets,ACC,,2,,,
2008,Louisville,Super Regional 8,Athens,Cardinals,BigEast,,3,,,
2008,Lipscomb,Super Regional 8,Athens,Bisons,ASUN,,4,,,
2008,NC State,Super Regional 8,Raleigh,Wolfpack,ACC,,1,,H,
2008,South Carolina,Super Regional 8,Raleigh,Gamecocks,SEC,,2,,,
2008,James Madison,Super Regional 8,Raleigh,Dukes,Colonial,,3,,,
2008,Charlotte,Super Regional 8,Raleigh,49ers,A10,,4,,,
2009,Texas,Super Regional 1,Austin,Longhorns,Big12,,1,1,H,H
2009,Texas St.,Super Regional 1,Austin,Bobcats,Southland,,2,,,
2009,Boston College,Super Regional 1,Austin,Eagles,ACC,,3,,,
2009,Army,Super Regional 1,Austin,Cadets,Patriot,,4,,,
2009,TCU,Super Regional 1,Fort Worth,Horned Frogs,MWC,,1,,H,
2009,Texas A&M,Super Regional 1,Fort Worth,Aggies,Big12,,2,,,
2009,Oregon St.,Super Regional 1,Fort Worth,Beavers,Pac12,,3,,,
2009,Wright St.,Super Regional 1,Fort Worth,Raiders,Horizon,,4,,,
2009,CS Fullerton,Super Regional 2,Fullerton,Titans,BigWest,,1,2,H,H
2009,Ga. Southern,Super Regional 2,Fullerton,Eagles,Southern,,2,,,
2009,Gonzaga,Super Regional 2,Fullerton,Bulldogs,WCC,,3,,,
2009,Utah,Super Regional 2,Fullerton,Utes,MWC,,4,,,
2009,Louisville,Super Regional 2,Louisville,Cardinals,BigEast,,1,,H,
2009,Middle Tenn.,Super Regional 2,Louisville,Blue Raiders,SunBelt,,2,,,
2009,Vanderbilt,Super Regional 2,Louisville,Commodores,SEC,,3,,,
2009,Indiana,Super Regional 2,Louisville,Hoosiers,Big10,,4,,,
2009,LSU,Super Regional 3,Baton Rouge,Tigers,SEC,,1,3,H,H
2009,Minnesota,Super Regional 3,Baton Rouge,Golden Gophers,Big10,,2,,,
2009,Baylor,Super Regional 3,Baton Rouge,Bears,Big12,,3,,,
2009,Southern,Super Regional 3,Baton Rouge,Jaguars,SWAC,,4,,,
2009,Rice,Super Regional 3,Houston,Owls,CUSA,,1,,H,
2009,Kansas St.,Super Regional 3,Houston,Wildcats,Big12,,2,,,
2009,Xavier,Super Regional 3,Houston,Musketeers,A10,,3,,,
2009,Sam Houston,Super Regional 3,Houston,Bearkats,Southland,,4,,,
2009,North Carolina,Super Regional 4,Chapel Hill,Tar Heels,ACC,,1,4,H,H
2009,Coastal Carolina,Super Regional 4,Chapel Hill,Chanticleers,BigSouth,,2,,,
2009,Kansas,Super Regional 4,Chapel Hill,Jayhawks,Big12,,3,,,
2009,Dartmouth,Super Regional 4,Chapel Hill,Big Green,Ivy,,4,,,
2009,East Carolina,Super Regional 4,Greenville,Pirates,CUSA,,1,,H,
2009,South Carolina,Super Regional 4,Greenville,Gamecocks,SEC,,2,,,
2009,George Mason,Super Regional 4,Greenville,Patriots,Colonial,,3,,,
2009,Binghamton,Super Regional 4,Greenville,Bearcats,AmEast,,4,,,
2009,Clemson,Super Regional 5,Clemson,Tigers,ACC,,1,,H,
2009,Alabama,Super Regional 5,Clemson,Crimson Tide,SEC,,2,,,
2009,Oklahoma St.,Super Regional 5,Clemson,Cowboys,Big12,,3,,,
2009,Tennessee Tech,Super Regional 5,Clemson,Golden Eagles,OVC,,4,,,
2009,Arizona St.,Super Regional 5,Tempe,Sun Devils,Pac12,,1,5,H,H
2009,Oral Roberts,Super Regional 5,Tempe,Golden Eagles,Summit,,2,,,
2009,Cal Poly,Super Regional 5,Tempe,Mustangs,BigWest,,3,,,
2009,Kent State,Super Regional 5,Tempe,Golden Flashes,MAC,,4,,,
2009,UC Irvine,Super Regional 6,Irvine,Anteaters,BigWest,,1,6,H,
2009,Virginia,Super Regional 6,Irvine,Cavaliers,ACC,,2,,,
2009,San Diego St.,Super Regional 6,Irvine,Aztecs,MWC,,3,,,
2009,Fresno St.,Super Regional 6,Irvine,Bulldogs,WAC,,4,,,
2009,Mississippi,Super Regional 6,Oxford,Rebels,SEC,,1,,H,H
2009,Missouri,Super Regional 6,Oxford,Tigers,Big12,,2,,,
2009,Western Ky.,Super Regional 6,Oxford,Hilltoppers,SunBelt,,3,,,
2009,Monmouth,Super Regional 6,Oxford,Hawks,NEC,,4,,,
2009,Oklahoma,Super Regional 7,Norman,Sooners,Big12,,1,7,H,
2009,Arkansas,Super Regional 7,Norman,Razorbacks,SEC,,2,,,
2009,Washington St.,Super Regional 7,Norman,Cougars,Pac12,,3,,,
2009,Wichita St.,Super Regional 7,Norman,Shockers,MVC,,4,,,
2009,Florida St.,Super Regional 7,Tallahassee,Seminoles,ACC,,1,,H,H
2009,Georgia,Super Regional 7,Tallahassee,Bulldogs,SEC,,2,,,
2009,Ohio State,Super Regional 7,Tallahassee,Buckeyes,Big10,,3,,,
2009,Marist,Super Regional 7,Tallahassee,Red Foxes,MAAC,,4,,,
2009,Georgia Tech,Super Regional 8,Atlanta,Yellow Jackets,ACC,,1,,H,
2009,Elon,Super Regional 8,Atlanta,Phoenix,Southern,,2,,,
2009,Southern Miss,Super Regional 8,Atlanta,Golden Eagles,CUSA,,3,,,
2009,Georgia St.,Super Regional 8,Atlanta,Panthers,Colonial,,4,,,
2009,Florida,Super Regional 8,Gainesville,Gators,SEC,,1,8,H,H
2009,Miami,Super Regional 8,Gainesville,Hurricanes,ACC,,2,,,
2009,Jacksonville,Super Regional 8,Gainesville,Dolphins,ASUN,,3,,,
2009,Bethune Cookman,Super Regional 8,Gainesville,Wildcats,MEAC,,4,,,
2010,Arkansas,Super Regional 1,Fayetteville,Razorbacks,SEC,,1,,H,
2010,Washington St.,Super Regional 1,Fayetteville,Cougars,Pac12,,2,,,
2010,Kansas St.,Super Regional 1,Fayetteville,Wildcats,Big12,,3,,,
2010,Grambling,Super Regional 1,Fayetteville,Tigers,SWAC,,4,,,
2010,Arizona St.,Super Regional 1,Tempe,Sun Devils,Pac12,,1,1,H,H
2010,San Diego,Super Regional 1,Tempe,Toreros,WCC,,2,,,
2010,Hawaii,Super Regional 1,Tempe,Rainbow Warriors,WAC,,3,,,
2010,Milwaukee,Super Regional 1,Tempe,Panthers,Horizon,,4,,,
2010,Texas,Super Regional 2,Austin,Longhorns,Big12,,1,2,H,H
2010,Rice,Super Regional 2,Austin,Owls,CUSA,,2,,,
2010,Louisiana,Super Regional 2,Austin,Ragin' Cajuns,SunBelt,,3,,,
2010,Rider,Super Regional 2,Austin,Broncs,MAAC,,4,,,
2010,TCU,Super Regional 2,Fort Worth,Horned Frogs,MWC,,1,,H,
2010,Baylor,Super Regional 2,Fort Worth,Bears,Big12,,2,,,
2010,Arizona,Super Regional 2,Fort Worth,Wildcats,Pac12,,3,,,
2010,Lamar,Super Regional 2,Fort Worth,Cardinals,Southland,,4,,,
2010,Miami,Super Regional 3,Coral Gables,Hurricanes,ACC,,1,,H,
2010,Texas A&M,Super Regional 3,Coral Gables,Aggies,Big12,,2,,,
2010,FIU,Super Regional 3,Coral Gables,Panthers,SunBelt,,3,,,
2010,Dartmouth,Super Regional 3,Coral Gables,Big Green,Ivy,,4,,,
2010,Florida,Super Regional 3,Gainesville,Gators,SEC,,1,3,H,H
2010,Fla. Atlantic,Super Regional 3,Gainesville,Owls,SunBelt,,2,,,
2010,Oregon St.,Super Regional 3,Gainesville,Beavers,Pac12,,3,,,
2010,Bethune Cookman,Super Regional 3,Gainesville,Wildcats,MEAC,,4,,,
2010,South Carolina,Super Regional 4,Columbia,Gamecocks,SEC,,1,,H,
2010,Virginia Tech,Super Regional 4,Columbia,Hokies,ACC,,2,,,
2010,Citadel,Super Regional 4,Columbia,Bulldogs,Southern,,3,,,
2010,Bucknell,Super Regional 4,Columbia,Bison,Patriot,,4,,,
2010,Coastal Carolina,Super Regional 4,Myrtle Beach,Chanticleers,BigSouth,,1,4,H,H
2010,Charleston,Super Regional 4,Myrtle Beach,Cougars,Southern,,2,,,
2010,NC State,Super Regional 4,Myrtle Beach,Wolfpack,ACC,,3,,,
2010,Stony Brook,Super Regional 4,Myrtle Beach,Seawolves,AmEast,,4,,,
2010,Virginia,Super Regional 5,Charlottesville,Cavaliers,ACC,,1,5,H,H
2010,Mississippi,Super Regional 5,Charlottesville,Rebels,SEC,,2,,,
2010,St. John's,Super Regional 5,Charlottesville,Red Storm,BigEast,,3,,,
2010,VCU,Super Regional 5,Charlottesville,Rams,Colonial,,4,,,
2010,Oklahoma,Super Regional 5,Norman,Sooners,Big12,,1,,H,
2010,California,Super Regional 5,Norman,Golden Bears,Pac12,,2,,,
2010,North Carolina,Super Regional 5,Norman,Tar Heels,ACC,,3,,,
2010,Oral Roberts,Super Regional 5,Norman,Golden Eagles,Summit,,4,,,
2010,CS Fullerton,Super Regional 6,Fullerton,Titans,BigWest,,1,,H,
2010,Stanford,Super Regional 6,Fullerton,Cardinal,Pac12,,2,,,
2010,New Mexico,Super Regional 6,Fullerton,Lobos,MWC,,3,,,
2010,Minnesota,Super Regional 6,Fullerton,Golden Gophers,Big10,,4,,,
2010,UCLA,Super Regional 6,Los Angeles,Bruins,Pac12,,1,6,H,H
2010,LSU,Super Regional 6,Los Angeles,Tigers,SEC,,2,,,
2010,UC Irvine,Super Regional 6,Los Angeles,Anteaters,BigWest,,3,,,
2010,Kent State,Super Regional 6,Los Angeles,Golden Flashes,MAC,,4,,,
2010,Louisville,Super Regional 7,Louisville,Cardinals,BigEast,,1,7,H,
2010,Vanderbilt,Super Regional 7,Louisville,Commodores,SEC,,2,,,
2010,Illinois St.,Super Regional 7,Louisville,Redbirds,MVC,,3,,,
2010,St. Louis,Super Regional 7,Louisville,Billikens,A10,,4,,,
2010,Florida St.,Super Regional 7,Norwich,Seminoles,ACC,,1,,,H
2010,Connecticut,Super Regional 7,Norwich,Huskies,BigEast,,2,,H,
2010,Oregon,Super Regional 7,Norwich,Ducks,Pac12,,3,,,
2010,Central Conn.,Super Regional 7,Norwich,Blue Devils,NEC,,4,,,
2010,Georgia Tech,Super Regional 8,Atlanta,Yellow Jackets,ACC,,1,8,H,
2010,Alabama,Super Regional 8,Atlanta,Crimson Tide,SEC,,2,,,
2010,Elon,Super Regional 8,Atlanta,Phoenix,Southern,,3,,,
2010,Mercer,Super Regional 8,Atlanta,Bears,ASUN,,4,,,
2010,Auburn,Super Regional 8,Auburn,Tigers,SEC,,1,,H,
2010,Clemson,Super Regional 8,Auburn,Tigers,ACC,,2,,,H
2010,Southern Miss,Super Regional 8,Auburn,Golden Eagles,CUSA,,3,,,
2010,Jacksonville St.,Super Regional 8,Auburn,Gamecocks,OVC,,4,,,
2011,Virginia,Super Regional 1,Charlottesville,Cavaliers,ACC,,1,1,H,H
2011,St. John's,Super Regional 1,Charlottesville,Red Storm,BigEast,,2,,,
2011,East Carolina,Super Regional 1,Charlottesville,Pirates,CUSA,,3,,,
2011,Navy,Super Regional 1,Charlottesville,Midshipmen,Patriot,,4,,,
2011,UCLA,Super Regional 1,Los Angeles,Bruins,Pac12,,1,,H,
2011,Fresno St.,Super Regional 1,Los Angeles,Bulldogs,WAC,,2,,,
2011,UC Irvine,Super Regional 1,Los Angeles,Anteaters,BigWest,,3,,,
2011,San Francisco,Super Regional 1,Los Angeles,Dons,WCC,,4,,,
2011,Georgia Tech,Super Regional 2,Atlanta,Yellow Jackets,ACC,,1,,H,
2011,Southern Miss,Super Regional 2,Atlanta,Golden Eagles,CUSA,,2,,,
2011,Miss State,Super Regional 2,Atlanta,Bulldogs,SEC,,3,,,
2011,Austin Peay,Super Regional 2,Atlanta,Govenors,OVC,,4,,,
2011,Florida,Super Regional 2,Gainesville,Gators,SEC,,1,2,H,H
2011,Miami,Super Regional 2,Gainesville,Hurricanes,ACC,,2,,,
2011,Jacksonville,Super Regional 2,Gainesville,Dolphins,ASUN,,3,,,
2011,Manhattan,Super Regional 2,Gainesville,Jaspers,MAAC,,4,,,
2011,North Carolina,Super Regional 3,Chapel Hill,Tar Heels,ACC,,1,3,H,H
2011,FIU,Super Regional 3,Chapel Hill,Panthers,SunBelt,,2,,,
2011,James Madison,Super Regional 3,Chapel Hill,Dukes,Colonial,,3,,,
2011,Maine,Super Regional 3,Chapel Hill,Black Bears,AmEast,,4,,,
2011,CS Fullerton,Super Regional 3,Fullerton,Titans,BigWest,,1,,H,
2011,Stanford,Super Regional 3,Fullerton,Cardinal,Pac12,,2,,,
2011,Kansas St.,Super Regional 3,Fullerton,Wildcats,Big12,,3,,,
2011,Illinois,Super Regional 3,Fullerton,Fighting Illini,Big10,,4,,,
2011,Clemson,Super Regional 4,Clemson,Tigers,ACC,,1,,H,
2011,Connecticut,Super Regional 4,Clemson,Huskies,BigEast,,2,,,
2011,Coastal Carolina,Super Regional 4,Clemson,Chanticleers,BigSouth,,3,,,
2011,Sacred Heart,Super Regional 4,Clemson,Pioneers,NEC,,4,,,
2011,South Carolina,Super Regional 4,Columbia,Gamecocks,SEC,,1,4,H,H
2011,Stetson,Super Regional 4,Columbia,Hatters,ASUN,,2,,,
2011,NC State,Super Regional 4,Columbia,Wolfpack,ACC,,3,,,
2011,Ga. Southern,Super Regional 4,Columbia,Eagles,Southern,,4,,,
2011,Texas A&M,Super Regional 5,College Station,Aggies,Big12,,1,,H,
2011,Arizona,Super Regional 5,College Station,Wildcats,Pac12,,2,,,
2011,Seton Hall,Super Regional 5,College Station,Pirates,BigEast,,3,,,
2011,Wright St.,Super Regional 5,College Station,Raiders,Horizon,,4,,,
2011,Florida St.,Super Regional 5,Tallahassee,Seminoles,ACC,,1,5,H,H
2011,UCF,Super Regional 5,Tallahassee,Golden Knights,CUSA,,2,,,
2011,Alabama,Super Regional 5,Tallahassee,Crimson Tide,SEC,,3,,,
2011,Bethune Cookman,Super Regional 5,Tallahassee,Wildcats,MEAC,,4,,,
2011,Oregon St.,Super Regional 6,Corvalis,Beavers,Pac12,,1,,H,
2011,Creighton,Super Regional 6,Corvalis,Bluejays,MVC,,2,,,
2011,Georgia,Super Regional 6,Corvalis,Bulldogs,SEC,,3,,,
2011,Little Rock,Super Regional 6,Corvalis,Trojans,SunBelt,,4,,,
2011,Vanderbilt,Super Regional 6,Nashville,Commodores,SEC,,1,6,H,H
2011,Oklahoma St.,Super Regional 6,Nashville,Cowboys,Big12,,2,,,
2011,Troy,Super Regional 6,Nashville,Trojans,SunBelt,,3,,,
2011,Belmont,Super Regional 6,Nashville,Bruins,ASUN,,4,,,
2011,Texas,Super Regional 7,Austin,Longhorns,Big12,,1,7,H,H
2011,Texas St.,Super Regional 7,Austin,Bobcats,Southland,,2,,,
2011,Kent State,Super Regional 7,Austin,Golden Flashes,MAC,,3,,,
2011,Princeton,Super Regional 7,Austin,Tigers,Ivy,,4,,,
2011,Arizona St.,Super Regional 7,Tempe,Sun Devils,Pac12,,1,,H,
2011,Arkansas,Super Regional 7,Tempe,Razorbacks,SEC,,2,,,
2011,Charlotte,Super Regional 7,Tempe,49ers,A10,,3,,,
2011,New Mexico,Super Regional 7,Tempe,Lobos,MWC,,4,,,
2011,TCU,Super Regional 8,Fort Worth,Horned Frogs,MWC,,1,,H,
2011,Oklahoma,Super Regional 8,Fort Worth,Sooners,Big12,,2,,,
2011,Dallas Baptist,Super Regional 8,Fort Worth,Patriots,Indep,,3,,,
2011,Oral Roberts,Super Regional 8,Fort Worth,Golden Eagles,Summit,,4,,,
2011,Rice,Super Regional 8,Houston,Owls,CUSA,,1,8,H,
2011,Baylor,Super Regional 8,Houston,Bears,Big12,,2,,,
2011,California,Super Regional 8,Houston,Golden Bears,Pac12,,3,,,H
2011,Alcorn,Super Regional 8,Houston,Braves,SWAC,,4,,,
2012,Florida,Super Regional 1,Gainesville,Gators,SEC,,1,1,H,H
2012,Georgia Tech,Super Regional 1,Gainesville,Yellow Jackets,ACC,,2,,,
2012,Charleston,Super Regional 1,Gainesville,Cougars,Southern,,3,,,
2012,Bethune Cookman,Super Regional 1,Gainesville,Wildcats,MEAC,,4,,,
2012,Vanderbilt,Super Regional 1,Raleigh,Commodores,SEC,,1,,H,
2012,NC State,Super Regional 1,Raleigh,Wolfpack,ACC,,2,,,
2012,NC Wilmington,Super Regional 1,Raleigh,Seahawks,Colonial,,3,,,
2012,Sacred Heart,Super Regional 1,Raleigh,Pioneers,NEC,,4,,,
2012,Texas A&M,Super Regional 2,College Station,Aggies,Big12,,1,,H,
2012,TCU,Super Regional 2,College Station,Horned Frogs,MWC,,2,,,
2012,Mississippi,Super Regional 2,College Station,Rebels,SEC,,3,,,
2012,Dayton,Super Regional 2,College Station,Flyers,A10,,4,,,
2012,UCLA,Super Regional 2,Los Angeles,Bruins,Pac12,,1,2,H,H
2012,San Diego,Super Regional 2,Los Angeles,Toreros,WCC,,2,,,
2012,New Mexico,Super Regional 2,Los Angeles,Lobos,MWC,,3,,,
2012,Creighton,Super Regional 2,Los Angeles,Bluejays,MVC,,4,,,
2012,Stanford,Super Regional 3,Palo Alto,Cardinal,Pac12,,1,,H,
2012,Pepperdine,Super Regional 3,Palo Alto,Waves,WCC,,2,,,
2012,Michigan St.,Super Regional 3,Palo Alto,Spartans,Big10,,3,,,
2012,Fresno St.,Super Regional 3,Palo Alto,Bulldogs,WAC,,4,,,
2012,Florida St.,Super Regional 3,Tallahassee,Seminoles,ACC,,1,3,H,H
2012,Miss State,Super Regional 3,Tallahassee,Bulldogs,SEC,,2,,,
2012,Samford,Super Regional 3,Tallahassee,Bulldogs,Southern,,3,,,
2012,UAB,Super Regional 3,Tallahassee,Blazers,CUSA,,4,,,
2012,Rice,Super Regional 4,Houston,Owls,CUSA,,1,,H,
2012,Arkansas,Super Regional 4,Houston,Razorbacks,SEC,,2,,,
2012,Sam Houston,Super Regional 4,Houston,Bearkats,Southland,,3,,,
2012,Prairie View,Super Regional 4,Houston,Vikings,SWAC,,4,,,
2012,Baylor,Super Regional 4,Waco,Bears,Big12,,1,4,H,H
2012,Dallas Baptist,Super Regional 4,Waco,Patriots,Indep,,2,,,
2012,UT Arlington,Super Regional 4,Waco,Mavericks,Southland,,3,,,
2012,Oral Roberts,Super Regional 4,Waco,Golden Eagles,Summit,,4,,,
2012,Oregon,Super Regional 5,Eugene,Ducks,Pac12,,1,5,H,H
2012,CS Fullerton,Super Regional 5,Eugene,Titans,BigWest,,2,,,
2012,Indiana St.,Super Regional 5,Eugene,Sycamores,MVC,,3,,,
2012,Austin Peay,Super Regional 5,Eugene,Govenors,OVC,,4,,,
2012,Purdue,Super Regional 5,Gary,Boilermakers,Big10,,1,,H,
2012,Kentucky,Super Regional 5,Gary,Wildcats,SEC,,2,,,
2012,Kent State,Super Regional 5,Gary,Golden Flashes,MAC,,3,,,
2012,Valparaiso,Super Regional 5,Gary,Crusaders,Horizon,,4,,,
2012,North Carolina,Super Regional 6,Chapel Hill,Tar Heels,ACC,,1,6,H,
2012,East Carolina,Super Regional 6,Chapel Hill,Pirates,CUSA,,2,,,
2012,St. John's,Super Regional 6,Chapel Hill,Red Storm,BigEast,,3,,,
2012,Cornell,Super Regional 6,Chapel Hill,Big Red,Ivy,,4,,,
2012,Arizona,Super Regional 6,Tucson,Wildcats,Pac12,,1,,H,H
2012,New Mexico St.,Super Regional 6,Tucson,Aggies,WAC,,2,,,
2012,Louisville,Super Regional 6,Tucson,Cardinals,BigEast,,3,,,
2012,Missouri,Super Regional 6,Tucson,Tigers,Big12,,4,,,
2012,LSU,Super Regional 7,Baton Rouge,Tigers,SEC,,1,7,H,H
2012,Oregon St.,Super Regional 7,Baton Rouge,Beavers,Pac12,,2,,,
2012,Belmont,Super Regional 7,Baton Rouge,Bruins,ASUN,,3,,,
2012,UL Monroe,Super Regional 7,Baton Rouge,Warhawks,SunBelt,,4,,,
2012,Miami,Super Regional 7,Coral Gables,Hurricanes,ACC,,1,,H,
2012,UCF,Super Regional 7,Coral Gables,Golden Knights,CUSA,,2,,,
2012,Missouri St.,Super Regional 7,Coral Gables,Bears,MVC,,3,,,
2012,Stony Brook,Super Regional 7,Coral Gables,Seawolves,AmEast,,4,,,
2012,Virginia,Super Regional 8,Charlottesville,Cavaliers,ACC,,1,,H,
2012,Oklahoma,Super Regional 8,Charlottesville,Sooners,Big12,,2,,,
2012,Appalachian St.,Super Regional 8,Charlottesville,Mountaineers,Southern,,3,,,
2012,Army,Super Regional 8,Charlottesville,Cadets,Patriot,,4,,,
2012,South Carolina,Super Regional 8,Columbia,Gamecocks,SEC,,1,8,H,H
2012,Clemson,Super Regional 8,Columbia,Tigers,ACC,,2,,,
2012,Coastal Carolina,Super Regional 8,Columbia,Chanticleers,BigSouth,,3,,,
2012,Manhattan,Super Regional 8,Columbia,Jaspers,MAAC,,4,,,
2013,North Carolina,Super Regional 1,Chapel Hill,Tar Heels,ACC,,1,1,H,H
2013,Fla. Atlantic,Super Regional 1,Chapel Hill,Owls,SunBelt,,2,,,
2013,Towson,Super Regional 1,Chapel Hill,Tigers,Colonial,,3,,,
2013,Canisius,Super Regional 1,Chapel Hill,Golden Griffins,MAAC,,4,,,
2013,South Carolina,Super Regional 1,Columbia,Gamecocks,SEC,,1,,H,
2013,Clemson,Super Regional 1,Columbia,Tigers,ACC,,2,,,
2013,Liberty,Super Regional 1,Columbia,Flames,BigSouth,,3,,,
2013,St. Louis,Super Regional 1,Columbia,Billikens,A10,,4,,,
2013,Louisville,Super Regional 2,Louisville,Cardinals,BigEast,,1,,H,
2013,Miami,Super Regional 2,Louisville,Hurricanes,ACC,,2,,,
2013,Oklahoma St.,Super Regional 2,Louisville,Cowboys,Big12,,3,,,
2013,Bowling Green,Super Regional 2,Louisville,Falcons,MAC,,4,,,
2013,Vanderbilt,Super Regional 2,Nashville,Commodores,SEC,,1,2,H,H
2013,Georgia Tech,Super Regional 2,Nashville,Yellow Jackets,ACC,,2,,,
2013,Illinois,Super Regional 2,Nashville,Fighting Illini,Big10,,3,,,
2013,ETSU,Super Regional 2,Nashville,Buccaneers,ASUN,,4,,,
2013,Oregon St.,Super Regional 3,Corvalis,Beavers,Pac12,,1,3,H,H
2013,Texas A&M,Super Regional 3,Corvalis,Aggies,SEC,,2,,,
2013,UCSB,Super Regional 3,Corvalis,Guachos,BigWest,,3,,,
2013,UTSA,Super Regional 3,Corvalis,Roadrunners,WAC,,4,,,
2013,Kansas St.,Super Regional 3,Manhattan,Wildcats,Big12,,1,,H,
2013,Arkansas,Super Regional 3,Manhattan,Razorbacks,SEC,,2,,,
2013,Bryant,Super Regional 3,Manhattan,Bulldogs,NEC,,3,,,
2013,Wichita St.,Super Regional 3,Manhattan,Shockers,MVC,,4,,,
2013,LSU,Super Regional 4,Baton Rouge,Tigers,SEC,,1,4,H,H
2013,Louisiana,Super Regional 4,Baton Rouge,Ragin' Cajuns,SunBelt,,2,,,
2013,Sam Houston,Super Regional 4,Baton Rouge,Bearkats,Southland,,3,,,
2013,Jackson St.,Super Regional 4,Baton Rouge,Tigers,SWAC,,4,,,
2013,Virginia Tech,Super Regional 4,Blacksburg,Hokies,ACC,,1,,H,
2013,Oklahoma,Super Regional 4,Blacksburg,Sooners,Big12,,2,,,
2013,Coastal Carolina,Super Regional 4,Blacksburg,Chanticleers,BigSouth,,3,,,
2013,Connecticut,Super Regional 4,Blacksburg,Huskies,BigEast,,4,,,
2013,CS Fullerton,Super Regional 5,Fullerton,Titans,BigWest,,1,5,H,H
2013,Arizona St.,Super Regional 5,Fullerton,Sun Devils,Pac12,,2,,,
2013,New Mexico,Super Regional 5,Fullerton,Lobos,MWC,,3,,,
2013,Columbia,Super Regional 5,Fullerton,Lions,Ivy,,4,,,
2013,UCLA,Super Regional 5,Los Angeles,Bruins,Pac12,,1,,H,
2013,Cal Poly,Super Regional 5,Los Angeles,Mustangs,BigWest,,2,,,
2013,San Diego,Super Regional 5,Los Angeles,Toreros,WCC,,3,,,
2013,San Diego St.,Super Regional 5,Los Angeles,Aztecs,MWC,,4,,,
2013,Virginia,Super Regional 6,Charlottesville,Cavaliers,ACC,,1,6,H,H
2013,NC Wilmington,Super Regional 6,Charlottesville,Seahawks,Colonial,,2,,,
2013,Elon,Super Regional 6,Charlottesville,Phoenix,Southern,,3,,,
2013,Army,Super Regional 6,Charlottesville,Cadets,Patriot,,4,,,
2013,Miss State,Super Regional 6,Starkville,Bulldogs,SEC,,1,,H,
2013,South Alabama,Super Regional 6,Starkville,Jaguars,SunBelt,,2,,,
2013,Mercer,Super Regional 6,Starkville,Bears,ASUN,,3,,,
2013,Central Ark.,Super Regional 6,Starkville,Bears,Southland,,4,,,
2013,Indiana,Super Regional 7,Bloomington,Hoosiers,Big10,,1,,H,
2013,Austin Peay,Super Regional 7,Bloomington,Govenors,OVC,,2,,,
2013,Florida,Super Regional 7,Bloomington,Gators,SEC,,3,,,
2013,Valparaiso,Super Regional 7,Bloomington,Crusaders,Horizon,,4,,,
2013,Florida St.,Super Regional 7,Tallahassee,Seminoles,ACC,,1,7,H,H
2013,Alabama,Super Regional 7,Tallahassee,Crimson Tide,SEC,,2,,,
2013,Troy,Super Regional 7,Tallahassee,Trojans,SunBelt,,3,,,
2013,Savannah St.,Super Regional 7,Tallahassee,Tigers,MEAC,,4,,,
2013,Oregon,Super Regional 8,Eugene,Ducks,Pac12,,1,8,H,
2013,Rice,Super Regional 8,Eugene,Owls,CUSA,,2,,,
2013,San Francisco,Super Regional 8,Eugene,Dons,WCC,,3,,,
2013,South Dakota St.,Super Regional 8,Eugene,Jackrabbits,Summit,,4,,,
2013,NC State,Super Regional 8,Raleigh,Wolfpack,ACC,,1,,H,H
2013,Mississippi,Super Regional 8,Raleigh,Rebels,SEC,,2,,,
2013,William & Mary,Super Regional 8,Raleigh,Tribe,Colonial,,3,,,
2013,Binghamton,Super Regional 8,Raleigh,Bearcats,AmEast,,4,,,
2014,Oregon St.,Super Regional 1,Corvalis,Beavers,Pac12,,1,1,H,
2014,UNLV,Super Regional 1,Corvalis,Rebels,MWC,,2,,,
2014,UC Irvine,Super Regional 1,Corvalis,Anteaters,BigWest,,3,,,
2014,North Dakota St.,Super Regional 1,Corvalis,Bison,Summit,,4,,,
2014,Oklahoma St.,Super Regional 1,Stillwater,Cowboys,Big12,,1,,H,H
2014,Nebraska,Super Regional 1,Stillwater,Cornhuskers,Big10,,2,,,
2014,CS Fullerton,Super Regional 1,Stillwater,Titans,BigWest,,3,,,
2014,Binghamton,Super Regional 1,Stillwater,Bearcats,AmEast,,4,,,
2014,Miami,Super Regional 2,Coral Gables,Hurricanes,ACC,,1,,H,
2014,Texas Tech,Super Regional 2,Coral Gables,Red Raiders,Big12,,2,,,H
2014,Columbia,Super Regional 2,Coral Gables,Lions,Ivy,,3,,,
2014,Bethune Cookman,Super Regional 2,Coral Gables,Wildcats,MEAC,,4,,,
2014,Florida,Super Regional 2,Gainesville,Gators,SEC,,1,2,H,
2014,Long Beach St.,Super Regional 2,Gainesville,49ers,BigWest,,2,,,
2014,North Carolina,Super Regional 2,Gainesville,Tar Heels,ACC,,3,,,
2014,Charleston,Super Regional 2,Gainesville,Cougars,Colonial,,4,,,
2014,Virginia,Super Regional 3,Charlottesville,Cavaliers,ACC,,1,3,H,H
2014,Arkansas,Super Regional 3,Charlottesville,Razorbacks,SEC,,2,,,
2014,Liberty,Super Regional 3,Charlottesville,Flames,BigSouth,,3,,,
2014,Bucknell,Super Regional 3,Charlottesville,Bison,Patriot,,4,,,
2014,South Carolina,Super Regional 3,Columbia,Gamecocks,SEC,,1,,H,
2014,Maryland,Super Regional 3,Columbia,Terrapins,ACC,,2,,,
2014,Old Dominion,Super Regional 3,Columbia,Monarchs,CUSA,,3,,,
2014,Campbell,Super Regional 3,Columbia,Camels,BigSouth,,4,,,
2014,Indiana,Super Regional 4,Bloomington,Hoosiers,Big10,,1,4,H,
2014,Indiana St.,Super Regional 4,Bloomington,Sycamores,MVC,,2,,,
2014,Stanford,Super Regional 4,Bloomington,Cardinal,Pac12,,3,,,
2014,Youngstown St.,Super Regional 4,Bloomington,Penguins,Horizon,,4,,,
2014,Vanderbilt,Super Regional 4,Nashville,Commodores,SEC,,1,,H,H
2014,Oregon,Super Regional 4,Nashville,Ducks,Pac12,,2,,,
2014,Clemson,Super Regional 4,Nashville,Tigers,ACC,,3,,,
2014,Xavier,Super Regional 4,Nashville,Musketeers,BigEast,,4,,,
2014,Louisville,Super Regional 5,Louisville,Cardinals,American,,1,,H,H
2014,Kentucky,Super Regional 5,Louisville,Wildcats,SEC,,2,,,
2014,Kansas,Super Regional 5,Louisville,Jayhawks,Big12,,3,,,
2014,Kent State,Super Regional 5,Louisville,Golden Flashes,MAC,,4,,,
2014,Florida St.,Super Regional 5,Tallahassee,Seminoles,ACC,,1,5,H,
2014,Alabama,Super Regional 5,Tallahassee,Crimson Tide,SEC,,2,,,
2014,Kennesaw St.,Super Regional 5,Tallahassee,Owls,ASUN,,3,,,
2014,Ga. Southern,Super Regional 5,Tallahassee,Eagles,Southern,,4,,,
2014,Louisiana,Super Regional 6,Lafayette,Ragin' Cajuns,SunBelt,,1,6,H,H
2014,Miss State,Super Regional 6,Lafayette,Bulldogs,SEC,,2,,,
2014,San Diego St.,Super Regional 6,Lafayette,Aztecs,MWC,,3,,,
2014,Jackson St.,Super Regional 6,Lafayette,Tigers,SWAC,,4,,,
2014,Mississippi,Super Regional 6,Oxford,Rebels,SEC,,1,,H,
2014,Washington,Super Regional 6,Oxford,Huskies,Pac12,,2,,,
2014,Georgia Tech,Super Regional 6,Oxford,Yellow Jackets,ACC,,3,,,
2014,Jacksonville St.,Super Regional 6,Oxford,Gamecocks,OVC,,4,,,
2014,TCU,Super Regional 7,Fort Worth,Horned Frogs,Big12,,1,7,H,H
2014,Dallas Baptist,Super Regional 7,Fort Worth,Patriots,MVC,,2,,,
2014,Sam Houston,Super Regional 7,Fort Worth,Bearkats,Southland,,3,,,
2014,Siena,Super Regional 7,Fort Worth,Saints,MAAC,,4,,,
2014,Cal Poly,Super Regional 7,San Luis Obispo,Mustangs,BigWest,,1,,H,
2014,Arizona St.,Super Regional 7,San Luis Obispo,Sun Devils,Pac12,,2,,,
2014,Pepperdine,Super Regional 7,San Luis Obispo,Waves,WCC,,3,,,
2014,Sacramento St.,Super Regional 7,San Luis Obispo,Hornets,WAC,,4,,,
2014,Rice,Super Regional 8,Austin,Owls,CUSA,,1,,H,
2014,Texas,Super Regional 8,Austin,Longhorns,Big12,,2,,,H
2014,Texas A&M,Super Regional 8,Austin,Aggies,SEC,,3,,,
2014,George Mason,Super Regional 8,Austin,Patriots,A10,,4,,,
2014,LSU,Super Regional 8,Baton Rouge,Tigers,SEC,,1,8,H,
2014,Houston,Super Regional 8,Baton Rouge,Cougars,American,,2,,,
2014,Bryant,Super Regional 8,Baton Rouge,Bulldogs,NEC,,3,,,
2014,SE Louisiana,Super Regional 8,Baton Rouge,Lions,Southland,,4,,,
2015,UCSB,Super Regional 1,Lake Elsinore,Guachos,BigWest,,1,,H,
2015,USC,Super Regional 1,Lake Elsinore,Trojans,Pac12,,2,,,
2015,Virginia,Super Regional 1,Lake Elsinore,Cavaliers,ACC,,3,,,H
2015,San Diego St.,Super Regional 1,Lake Elsinore,Aztecs,MWC,,4,,,
2015,UCLA,Super Regional 1,Los Angeles,Bruins,Pac12,,1,1,H,
2015,Mississippi,Super Regional 1,Los Angeles,Rebels,SEC,,2,,,
2015,Maryland,Super Regional 1,Los Angeles,Terrapins,Big10,,3,,,
2015,CS Bakersfield,Super Regional 1,Los Angeles,Roadrunners,WAC,,4,,,
2015,LSU,Super Regional 2,Baton Rouge,Tigers,SEC,,1,2,H,H
2015,NC Wilmington,Super Regional 2,Baton Rouge,Seahawks,Colonial,,2,,,
2015,Tulane,Super Regional 2,Baton Rouge,Green Wave,American,,3,,,
2015,Lehigh,Super Regional 2,Baton Rouge,Mountain Hawks,Patriot,,4,,,
2015,Houston,Super Regional 2,Houston,Cougars,American,,1,,H,
2015,Rice,Super Regional 2,Houston,Owls,CUSA,,2,,,
2015,Louisiana,Super Regional 2,Houston,Ragin' Cajuns,SunBelt,,3,,,
2015,Houston Christian,Super Regional 2,Houston,Huskies,Southland,,4,,,
2015,CS Fullerton,Super Regional 3,Fullerton,Titans,BigWest,,1,,H,
2015,Arizona St.,Super Regional 3,Fullerton,Sun Devils,Pac12,,2,,,
2015,Clemson,Super Regional 3,Fullerton,Tigers,ACC,,3,,,
2015,Pepperdine,Super Regional 3,Fullerton,Waves,WCC,,4,,,
2015,Louisville,Super Regional 3,Louisville,Cardinals,ACC,,1,3,H,H
2015,Bradley,Super Regional 3,Louisville,Braves,MVC,,2,,,
2015,Michigan,Super Regional 3,Louisville,Wolverines,Big10,,3,,,
2015,Morehead St.,Super Regional 3,Louisville,Eagles,OVC,,4,,,
2015,Florida,Super Regional 4,Gainesville,Gators,SEC,,1,4,H,H
2015,Fla. Atlantic,Super Regional 4,Gainesville,Owls,CUSA,,2,,,
2015,South Florida,Super Regional 4,Gainesville,Bulls,American,,3,,,
2015,Florida A&M,Super Regional 4,Gainesville,Rattlers,MEAC,,4,,,
2015,Florida St.,Super Regional 4,Tallahassee,Seminoles,ACC,,1,,H,
2015,Charleston,Super Regional 4,Tallahassee,Cougars,Colonial,,2,,,
2015,Auburn,Super Regional 4,Tallahassee,Tigers,SEC,,3,,,
2015,Mercer,Super Regional 4,Tallahassee,Bears,Southern,,4,,,
2015,Miami,Super Regional 5,Coral Gables,Hurricanes,ACC,,1,5,H,H
2015,East Carolina,Super Regional 5,Coral Gables,Pirates,American,,2,,,
2015,Columbia,Super Regional 5,Coral Gables,Lions,Ivy,,3,,,
2015,FIU,Super Regional 5,Coral Gables,Panthers,CUSA,,4,,,
2015,Dallas Baptist,Super Regional 5,Dallas,Patriots,MVC,,1,,H,
2015,Oregon St.,Super Regional 5,Dallas,Beavers,Pac12,,2,,,
2015,Texas,Super Regional 5,Dallas,Longhorns,Big12,,3,,,
2015,VCU,Super Regional 5,Dallas,Rams,A10,,4,,,
2015,Illinois,Super Regional 6,Champaign,Fighting Illini,Big10,,1,6,H,H
2015,Notre Dame,Super Regional 6,Champaign,Fighting Irish,ACC,,2,,,
2015,Wright St.,Super Regional 6,Champaign,Raiders,Horizon,,3,,,
2015,Ohio,Super Regional 6,Champaign,Bobcats,MAC,,4,,,
2015,Vanderbilt,Super Regional 6,Nashville,Commodores,SEC,,1,,H,
2015,Radford,Super Regional 6,Nashville,Highlanders,BigSouth,,2,,,
2015,Indiana,Super Regional 6,Nashville,Hoosiers,Big10,,3,,,
2015,Lipscomb,Super Regional 6,Nashville,Bisons,ASUN,,4,,,
2015,Texas A&M,Super Regional 7,College Station,Aggies,SEC,,1,,H,
2015,Coastal Carolina,Super Regional 7,College Station,Chanticleers,BigSouth,,2,,,
2015,California,Super Regional 7,College Station,Golden Bears,Pac12,,3,,,
2015,Texas Southern,Super Regional 7,College Station,Tigers,SWAC,,4,,,
2015,TCU,Super Regional 7,Fort Worth,Horned Frogs,Big12,,1,7,H,H
2015,NC State,Super Regional 7,Fort Worth,Wolfpack,ACC,,2,,,
2015,Stony Brook,Super Regional 7,Fort Worth,Seawolves,AmEast,,3,,,
2015,Sacred Heart,Super Regional 7,Fort Worth,Pioneers,NEC,,4,,,
2015,Missouri St.,Super Regional 8,Springfield,Bears,MVC,,1,8,H,
2015,Iowa,Super Regional 8,Springfield,Hawkeyes,Big10,,2,,,
2015,Oregon,Super Regional 8,Springfield,Ducks,Pac12,,3,,,
2015,Canisius,Super Regional 8,Springfield,Golden Griffins,MAAC,,4,,,
2015,Oklahoma St.,Super Regional 8,Stillwater,Cowboys,Big12,,1,,H,
2015,Arkansas,Super Regional 8,Stillwater,Razorbacks,SEC,,2,,,H
2015,Oral Roberts,Super Regional 8,Stillwater,Golden Eagles,Summit,,3,,,
2015,St. John's,Super Regional 8,Stillwater,Red Storm,BigEast,,4,,,
2016,Florida,Super Regional 1,Gainesville,Gators,SEC,,1,1,H,H
2016,Georgia Tech,Super Regional 1,Gainesville,Yellow Jackets,ACC,,2,,,
2016,Connecticut,Super Regional 1,Gainesville,Huskies,American,,3,,,
2016,Bethune Cookman,Super Regional 1,Gainesville,Wildcats,MEAC,,4,,,
2016,Florida St.,Super Regional 1,Tallahassee,Seminoles,ACC,,1,,H,
2016,Southern Miss,Super Regional 1,Tallahassee,Golden Eagles,CUSA,,2,,,
2016,South Alabama,Super Regional 1,Tallahassee,Jaguars,SunBelt,,3,,,
2016,Alabama St.,Super Regional 1,Tallahassee,Hornets,SWAC,,4,,,
2016,Louisville,Super Regional 2,Louisville,Cardinals,ACC,,1,2,H,H
2016,Ohio State,Super Regional 2,Louisville,Buckeyes,Big10,,2,,,
2016,Wright St.,Super Regional 2,Louisville,Raiders,Horizon,,3,,,
2016,Western Mich.,Super Regional 2,Louisville,Broncos,MAC,,4,,,
2016,Vanderbilt,Super Regional 2,Nashville,Commodores,SEC,,1,,H,
2016,UCSB,Super Regional 2,Nashville,Guachos,BigWest,,2,,,
2016,Washington,Super Regional 2,Nashville,Huskies,Pac12,,3,,,
2016,Xavier,Super Regional 2,Nashville,Musketeers,BigEast,,4,,,
2016,Miami,Super Regional 3,Coral Gables,Hurricanes,ACC,,1,3,H,H
2016,Fla. Atlantic,Super Regional 3,Coral Gables,Owls,CUSA,,2,,,
2016,Long Beach St.,Super Regional 3,Coral Gables,49ers,BigWest,,3,,,
2016,Stetson,Super Regional 3,Coral Gables,Hatters,ASUN,,4,,,
2016,Mississippi,Super Regional 3,Oxford,Rebels,SEC,,1,,H,
2016,Tulane,Super Regional 3,Oxford,Green Wave,American,,2,,,
2016,Boston College,Super Regional 3,Oxford,Eagles,ACC,,3,,,
2016,Utah,Super Regional 3,Oxford,Utes,Pac12,,4,,,
2016,Texas A&M,Super Regional 4,College Station,Aggies,SEC,,1,4,H,H
2016,Minnesota,Super Regional 4,College Station,Golden Gophers,Big10,,2,,,
2016,Wake Forest,Super Regional 4,College Station,Demon Deacons,ACC,,3,,,
2016,Binghamton,Super Regional 4,College Station,Bearcats,AmEast,,4,,,
2016,TCU,Super Regional 4,Fort Worth,Horned Frogs,Big12,,1,,H,
2016,Arizona St.,Super Regional 4,Fort Worth,Sun Devils,Pac12,,2,,,
2016,Gonzaga,Super Regional 4,Fort Worth,Bulldogs,WCC,,3,,,
2016,Oral Roberts,Super Regional 4,Fort Worth,Golden Eagles,Summit,,4,,,
2016,Virginia,Super Regional 5,Charlottesville,Cavaliers,ACC,,1,,H,
2016,Bryant,Super Regional 5,Charlottesville,Bulldogs,NEC,,2,,,
2016,East Carolina,Super Regional 5,Charlottesville,Pirates,American,,3,,,
2016,William & Mary,Super Regional 5,Charlottesville,Tribe,Colonial,,4,,,
2016,Texas Tech,Super Regional 5,Lubbock,Red Raiders,Big12,,1,5,H,H
2016,Dallas Baptist,Super Regional 5,Lubbock,Patriots,MVC,,2,,,
2016,New Mexico,Super Regional 5,Lubbock,Lobos,MWC,,3,,,
2016,Fairfield,Super Regional 5,Lubbock,Stags,MAAC,,4,,,
2016,Louisiana,Super Regional 6,Lafayette,Ragin' Cajuns,SunBelt,,1,,H,
2016,Arizona,Super Regional 6,Lafayette,Wildcats,Pac12,,2,,,
2016,Sam Houston,Super Regional 6,Lafayette,Bearkats,Southland,,3,,,
2016,Princeton,Super Regional 6,Lafayette,Tigers,Ivy,,4,,,
2016,Miss State,Super Regional 6,Starkville,Bulldogs,SEC,,1,6,H,H
2016,CS Fullerton,Super Regional 6,Starkville,Titans,BigWest,,2,,,
2016,Louisiana Tech,Super Regional 6,Starkville,Bulldogs,CUSA,,3,,,
2016,SE Missouri,Super Regional 6,Starkville,Redhawks,OVC,,4,,,
2016,Clemson,Super Regional 7,Clemson,Tigers,ACC,,1,7,H,
2016,Oklahoma St.,Super Regional 7,Clemson,Cowboys,Big12,,2,,,
2016,Nebraska,Super Regional 7,Clemson,Cornhuskers,Big10,,3,,,
2016,Western Caro.,Super Regional 7,Clemson,Catamounts,Southern,,4,,,
2016,South Carolina,Super Regional 7,Columbia,Gamecocks,SEC,,1,,H,H
2016,NC Wilmington,Super Regional 7,Columbia,Seahawks,Colonial,,2,,,
2016,Duke,Super Regional 7,Columbia,Blue Devils,ACC,,3,,,
2016,Rhode Island,Super Regional 7,Columbia,Rams,A10,,4,,,
2016,LSU,Super Regional 8,Baton Rouge,Tigers,SEC,,1,8,H,H
2016,Rice,Super Regional 8,Baton Rouge,Owls,CUSA,,2,,,
2016,SE Louisiana,Super Regional 8,Baton Rouge,Lions,Southland,,3,,,
2016,Utah Valley,Super Regional 8,Baton Rouge,Wolverines,WAC,,4,,,
2016,NC State,Super Regional 8,Raleigh,Wolfpack,ACC,,1,,H,
2016,Coastal Carolina,Super Regional 8,Raleigh,Chanticleers,BigSouth,,2,,,
2016,St. Mary's,Super Regional 8,Raleigh,Gaels,WCC,,3,,,
2016,Navy,Super Regional 8,Raleigh,Midshipmen,Patriot,,4,,,
2017,Clemson,Super Regional 1,Clemson,Tigers,ACC,,1,,H,
2017,Vanderbilt,Super Regional 1,Clemson,Commodores,SEC,,2,,,
2017,St. John's,Super Regional 1,Clemson,Red Storm,BigEast,,3,,,
2017,NC Greensboro,Super Regional 1,Clemson,Spartans,Southern,,4,,,
2017,Oregon St.,Super Regional 1,Corvalis,Beavers,Pac12,,1,1,H,H
2017,Nebraska,Super Regional 1,Corvalis,Cornhuskers,Big10,,2,,,
2017,Yale,Super Regional 1,Corvalis,Bulldogs,Ivy,,3,,,
2017,Holy Cross,Super Regional 1,Corvalis,Crusaders,Patriot,,4,,,
2017,North Carolina,Super Regional 2,Chapel Hill,Tar Heels,ACC,,1,2,H,
2017,FGCU,Super Regional 2,Chapel Hill,Eagles,ASUN,,2,,,
2017,Michigan,Super Regional 2,Chapel Hill,Wolverines,Big10,,3,,,
2017,Davidson,Super Regional 2,Chapel Hill,Wildcats,A10,,4,,,
2017,Houston,Super Regional 2,Houston,Cougars,American,,1,,H,
2017,Baylor,Super Regional 2,Houston,Bears,Big12,,2,,,
2017,Texas A&M,Super Regional 2,Houston,Aggies,SEC,,3,,,H
2017,Iowa,Super Regional 2,Houston,Hawkeyes,Big10,,4,,,
2017,Florida,Super Regional 3,Gainesville,Gators,SEC,,1,3,H,H
2017,South Florida,Super Regional 3,Gainesville,Bulls,American,,2,,,
2017,Bethune Cookman,Super Regional 3,Gainesville,Wildcats,MEAC,,3,,,
2017,Marist,Super Regional 3,Gainesville,Red Foxes,MAAC,,4,,,
2017,Wake Forest,Super Regional 3,Winston-Salem,Demon Deacons,ACC,,1,,H,
2017,West Virginia,Super Regional 3,Winston-Salem,Mountaineers,Big12,,2,,,
2017,Maryland,Super Regional 3,Winston-Salem,Terrapins,Big10,,3,,,
2017,UMBC,Super Regional 3,Winston-Salem,Retrievers,AmEast,,4,,,
2017,LSU,Super Regional 4,Baton Rouge,Tigers,SEC,,1,4,H,H
2017,SE Louisiana,Super Regional 4,Baton Rouge,Lions,Southland,,2,,,
2017,Rice,Super Regional 4,Baton Rouge,Owls,CUSA,,3,,,
2017,Texas Southern,Super Regional 4,Baton Rouge,Tigers,SWAC,,4,,,
2017,Southern Miss,Super Regional 4,Hattiesburg,Golden Eagles,CUSA,,1,,H,
2017,Miss State,Super Regional 4,Hattiesburg,Bulldogs,SEC,,2,,,
2017,South Alabama,Super Regional 4,Hattiesburg,Jaguars,SunBelt,,3,,,
2017,UIC,Super Regional 4,Hattiesburg,Flames,Horizon,,4,,,
2017,Texas Tech,Super Regional 5,Lubbock,Red Raiders,Big12,,1,5,H,
2017,Arizona,Super Regional 5,Lubbock,Wildcats,Pac12,,2,,,
2017,Sam Houston,Super Regional 5,Lubbock,Bearkats,Southland,,3,,,
2017,Delaware,Super Regional 5,Lubbock,Blue Hens,Colonial,,4,,,
2017,Florida St.,Super Regional 5,Tallahassee,Seminoles,ACC,,1,,H,H
2017,UCF,Super Regional 5,Tallahassee,Golden Knights,American,,2,,,
2017,Auburn,Super Regional 5,Tallahassee,Tigers,SEC,,3,,,
2017,Tennessee Tech,Super Regional 5,Tallahassee,Golden Eagles,OVC,,4,,,
2017,Arkansas,Super Regional 6,Fayetteville,Razorbacks,SEC,,1,,H,
2017,Missouri St.,Super Regional 6,Fayetteville,Bears,MVC,,2,,,
2017,Oklahoma St.,Super Regional 6,Fayetteville,Cowboys,Big12,,3,,,
2017,Oral Roberts,Super Regional 6,Fayetteville,Golden Eagles,Summit,,4,,,
2017,TCU,Super Regional 6,Fort Worth,Horned Frogs,Big12,,1,6,H,H
2017,Virginia,Super Regional 6,Fort Worth,Cavaliers,ACC,,2,,,
2017,Dallas Baptist,Super Regional 6,Fort Worth,Patriots,MVC,,3,,,
2017,Central Conn.,Super Regional 6,Fort Worth,Blue Devils,NEC,,4,,,
2017,Kentucky,Super Regional 7,Lexington,Wildcats,SEC,,1,,H,
2017,Indiana,Super Regional 7,Lexington,Hoosiers,Big10,,2,,,
2017,NC State,Super Regional 7,Lexington,Wolfpack,ACC,,3,,,
2017,Ohio,Super Regional 7,Lexington,Bobcats,MAC,,4,,,
2017,Louisville,Super Regional 7,Louisville,Cardinals,ACC,,1,7,H,H
2017,Oklahoma,Super Regional 7,Louisville,Sooners,Big12,,2,,,
2017,Xavier,Super Regional 7,Louisville,Musketeers,BigEast,,3,,,
2017,Radford,Super Regional 7,Louisville,Highlanders,BigSouth,,4,,,
2017,Long Beach St.,Super Regional 8,Long Beach,49ers,BigWest,,1,,H,H
2017,Texas,Super Regional 8,Long Beach,Longhorns,Big12,,2,,,
2017,UCLA,Super Regional 8,Long Beach,Bruins,Pac12,,3,,,
2017,San Diego St.,Super Regional 8,Long Beach,Aztecs,MWC,,4,,,
2017,Stanford,Super Regional 8,Palo Alto,Cardinal,Pac12,,1,8,H,
2017,CS Fullerton,Super Regional 8,Palo Alto,Titans,BigWest,,2,,,
2017,BYU,Super Regional 8,Palo Alto,Cougars,WCC,,3,,,
2017,Sacramento St.,Super Regional 8,Palo Alto,Hornets,WAC,,4,,,
2018,Florida,Super Regional 1,Gainesville,Gators,SEC,,1,1,H,H
2018,Jacksonville,Super Regional 1,Gainesville,Dolphins,ASUN,,2,,,
2018,Fla. Atlantic,Super Regional 1,Gainesville,Owls,CUSA,,3,,,
2018,Columbia,Super Regional 1,Gainesville,Lions,Ivy,,4,,,
2018,NC State,Super Regional 1,Raleigh,Wolfpack,ACC,,1,16,H,
2018,Auburn,Super Regional 1,Raleigh,Tigers,SEC,,2,,,
2018,Northeastern,Super Regional 1,Raleigh,Huskies,Colonial,,3,,,
2018,Army,Super Regional 1,Raleigh,Cadets,Patriot,,4,,,
2018,Coastal Carolina,Super Regional 2,Conway,Chanticleers,SunBelt,,1,15,H,
2018,Connecticut,Super Regional 2,Conway,Huskies,American,,2,,,
2018,Washington,Super Regional 2,Conway,Huskies,Pac12,,3,,,
2018,Long Island,Super Regional 2,Conway,Sharks,NEC,,4,,,
2018,Stanford,Super Regional 2,Palo Alto,Cardinal,Pac12,,1,2,H,
2018,Baylor,Super Regional 2,Palo Alto,Bears,Big12,,2,,,
2018,CS Fullerton,Super Regional 2,Palo Alto,Titans,BigWest,,3,,,H
2018,Wright St.,Super Regional 2,Palo Alto,Raiders,Horizon,,4,,,
2018,Oregon St.,Super Regional 3,Corvalis,Beavers,Pac12,,1,3,H,H
2018,LSU,Super Regional 3,Corvalis,Tigers,SEC,,2,,,
2018,San Diego St.,Super Regional 3,Corvalis,Aztecs,MWC,,3,,,
2018,Northwestern St.,Super Regional 3,Corvalis,Demons,Southland,,4,,,
2018,Minnesota,Super Regional 3,Minneapolis,Golden Gophers,Big10,,1,14,H,
2018,UCLA,Super Regional 3,Minneapolis,Bruins,Pac12,,2,,,
2018,Gonzaga,Super Regional 3,Minneapolis,Bulldogs,WCC,,3,,,
2018,Canisius,Super Regional 3,Minneapolis,Golden Griffins,MAAC,,4,,,
2018,Texas,Super Regional 4,Austin,Longhorns,Big12,,1,13,H,H
2018,Indiana,Super Regional 4,Austin,Hoosiers,Big10,,2,,,
2018,Texas A&M,Super Regional 4,Austin,Aggies,SEC,,3,,,
2018,Texas Southern,Super Regional 4,Austin,Tigers,SWAC,,4,,,
2018,Mississippi,Super Regional 4,Oxford,Rebels,SEC,,1,4,H,
2018,Tennessee Tech,Super Regional 4,Oxford,Golden Eagles,OVC,,2,,,
2018,Missouri St.,Super Regional 4,Oxford,Bears,MVC,,3,,,
2018,St. Louis,Super Regional 4,Oxford,Billikens,A10,,4,,,
2018,Arkansas,Super Regional 5,Fayetteville,Razorbacks,SEC,,1,5,H,H
2018,Southern Miss,Super Regional 5,Fayetteville,Golden Eagles,CUSA,,2,,,
2018,Dallas Baptist,Super Regional 5,Fayetteville,Patriots,MVC,,3,,,
2018,Oral Roberts,Super Regional 5,Fayetteville,Golden Eagles,Summit,,4,,,
2018,East Carolina,Super Regional 5,Greenville,Pirates,American,,1,12,H,
2018,South Carolina,Super Regional 5,Greenville,Gamecocks,SEC,,2,,,
2018,Ohio State,Super Regional 5,Greenville,Buckeyes,Big10,,3,,,
2018,NC Wilmington,Super Regional 5,Greenville,Seahawks,Colonial,,4,,,
2018,North Carolina,Super Regional 6,Chapel Hill,Tar Heels,ACC,,1,6,H,H
2018,Purdue,Super Regional 6,Chapel Hill,Boilermakers,Big10,,2,,,
2018,Houston,Super Regional 6,Chapel Hill,Cougars,American,,3,,,
2018,NC A&T,Super Regional 6,Chapel Hill,Aggies,MEAC,,4,,,
2018,Stetson,Super Regional 6,Deland,Hatters,ASUN,,1,11,H,
2018,South Florida,Super Regional 6,Deland,Bulls,American,,2,,,
2018,Oklahoma St.,Super Regional 6,Deland,Cowboys,Big12,,3,,,
2018,Hartford,Super Regional 6,Deland,Hawks,AmEast,,4,,,
2018,Clemson,Super Regional 7,Clemson,Tigers,ACC,,1,10,H,
2018,Vanderbilt,Super Regional 7,Clemson,Commodores,SEC,,2,,,H
2018,St. John's,Super Regional 7,Clemson,Red Storm,BigEast,,3,,,
2018,Morehead St.,Super Regional 7,Clemson,Eagles,OVC,,4,,,
2018,Florida St.,Super Regional 7,Tallahassee,Seminoles,ACC,,1,7,H,
2018,Miss State,Super Regional 7,Tallahassee,Bulldogs,SEC,,2,,,
2018,Oklahoma,Super Regional 7,Tallahassee,Sooners,Big12,,3,,,
2018,Samford,Super Regional 7,Tallahassee,Bulldogs,Southern,,4,,,
2018,Georgia,Super Regional 8,Athens,Bulldogs,SEC,,1,8,H,
2018,Duke,Super Regional 8,Athens,Blue Devils,ACC,,2,,,
2018,Troy,Super Regional 8,Athens,Trojans,SunBelt,,3,,,
2018,Campbell,Super Regional 8,Athens,Camels,BigSouth,,4,,,
2018,Texas Tech,Super Regional 8,Lubbock,Red Raiders,Big12,,1,9,H,H
2018,Louisville,Super Regional 8,Lubbock,Cardinals,ACC,,2,,,
2018,Kent State,Super Regional 8,Lubbock,Golden Flashes,MAC,,3,,,
2018,New Mexico St.,Super Regional 8,Lubbock,Aggies,WAC,,4,,,
2019,Oregon St.,Super Regional 1,Corvalis,Beavers,Pac12,,1,16,H,
2019,Creighton,Super Regional 1,Corvalis,Bluejays,BigEast,,2,,,
2019,Michigan,Super Regional 1,Corvalis,Wolverines,Big10,,3,,,
2019,Cincinnati,Super Regional 1,Corvalis,Bearcats,American,,4,,,
2019,UCLA,Super Regional 1,Los Angeles,Bruins,Pac12,,1,1,H,H
2019,Baylor,Super Regional 1,Los Angeles,Bears,Big12,,2,,,
2019,Loyola Marymount,Super Regional 1,Los Angeles,Lions,WCC,,3,,,
2019,Omaha,Super Regional 1,Los Angeles,Mavericks,Summit,,4,,,
2019,West Virginia,Super Regional 2,Morgantown,Mountaineers,Big12,,1,15,H,
2019,Texas A&M,Super Regional 2,Morgantown,Aggies,SEC,,2,,,
2019,Duke,Super Regional 2,Morgantown,Blue Devils,ACC,,3,,,
2019,Fordham,Super Regional 2,Morgantown,Rams,A10,,4,,,
2019,Vanderbilt,Super Regional 2,Nashville,Commodores,SEC,,1,2,H,H
2019,Indiana St.,Super Regional 2,Nashville,Sycamores,MVC,,2,,,
2019,McNeese,Super Regional 2,Nashville,Cowboys,Southland,,3,,,
2019,Ohio State,Super Regional 2,Nashville,Buckeyes,Big10,,4,,,
2019,Georgia Tech,Super Regional 3,Atlanta,Yellow Jackets,ACC,,1,3,H,
2019,Auburn,Super Regional 3,Atlanta,Tigers,SEC,,2,,,
2019,Coastal Carolina,Super Regional 3,Atlanta,Chanticleers,SunBelt,,3,,,
2019,Florida A&M,Super Regional 3,Atlanta,Rattlers,MEAC,,4,,,
2019,North Carolina,Super Regional 3,Chapel Hill,Tar Heels,ACC,,1,14,H,H
2019,Tennessee,Super Regional 3,Chapel Hill,Volunteers,SEC,,2,,,
2019,Liberty,Super Regional 3,Chapel Hill,Flames,ASUN,,3,,,
2019,NC Wilmington,Super Regional 3,Chapel Hill,Seahawks,Colonial,,4,,,
2019,Georgia,Super Regional 4,Athens,Bulldogs,SEC,,1,4,H,
2019,Fla. Atlantic,Super Regional 4,Athens,Owls,CUSA,,2,,,
2019,Florida St.,Super Regional 4,Athens,Seminoles,ACC,,3,,,
2019,Mercer,Super Regional 4,Athens,Bears,Southern,,4,,,
2019,LSU,Super Regional 4,Baton Rouge,Tigers,SEC,,1,13,H,H
2019,Arizona St.,Super Regional 4,Baton Rouge,Sun Devils,Pac12,,2,,,
2019,Southern Miss,Super Regional 4,Baton Rouge,Golden Eagles,CUSA,,3,,,
2019,Stony Brook,Super Regional 4,Baton Rouge,Seawolves,AmEast,,4,,,
2019,Arkansas,Super Regional 5,Fayetteville,Razorbacks,SEC,,1,5,H,H
2019,California,Super Regional 5,Fayetteville,Golden Bears,Pac12,,2,,,
2019,TCU,Super Regional 5,Fayetteville,Horned Frogs,Big12,,3,,,
2019,Central Conn.,Super Regional 5,Fayetteville,Blue Devils,NEC,,4,,,
2019,Mississippi,Super Regional 5,Oxford,Rebels,SEC,,1,12,H,
2019,Clemson,Super Regional 5,Oxford,Tigers,ACC,,2,,,
2019,Illinois,Super Regional 5,Oxford,Fighting Illini,Big10,,3,,,
2019,Jacksonville St.,Super Regional 5,Oxford,Gamecocks,OVC,,4,,,
2019,Stanford,Super Regional 6,Palo Alto,Cardinal,Pac12,,1,11,H,
2019,UCSB,Super Regional 6,Palo Alto,Guachos,BigWest,,2,,,
2019,Fresno St.,Super Regional 6,Palo Alto,Bulldogs,MWC,,3,,,
2019,Sacramento St.,Super Regional 6,Palo Alto,Hornets,WAC,,4,,,
2019,Miss State,Super Regional 6,Starkville,Bulldogs,SEC,,1,6,H,H
2019,Miami,Super Regional 6,Starkville,Hurricanes,ACC,,2,,,
2019,Central Mich.,Super Regional 6,Starkville,Chippewas,MAC,,3,,,
2019,Southern,Super Regional 6,Starkville,Jaguars,SWAC,,4,,,
2019,East Carolina,Super Regional 7,Greenville,Pirates,American,,1,10,H,
2019,NC State,Super Regional 7,Greenville,Wolfpack,ACC,,2,,,
2019,Campbell,Super Regional 7,Greenville,Camels,BigSouth,,3,,,
2019,Quinnipiac,Super Regional 7,Greenville,Bobcats,MAAC,,4,,,
2019,Louisville,Super Regional 7,Louisville,Cardinals,ACC,,1,7,H,H
2019,Indiana,Super Regional 7,Louisville,Hoosiers,Big10,,2,,,
2019,Illinois St.,Super Regional 7,Louisville,Redbirds,MVC,,3,,,
2019,UIC,Super Regional 7,Louisville,Flames,Horizon,,4,,,
2019,Texas Tech,Super Regional 8,Lubbock,Red Raiders,Big12,,1,8,H,H
2019,Dallas Baptist,Super Regional 8,Lubbock,Patriots,MVC,,2,,,
2019,Florida,Super Regional 8,Lubbock,Gators,SEC,,3,,,
2019,Army,Super Regional 8,Lubbock,Cadets,Patriot,,4,,,
2019,Oklahoma St.,Super Regional 8,Oklahoma City,Cowboys,Big12,,1,9,H,
2019,Connecticut,Super Regional 8,Oklahoma City,Huskies,American,,2,,,
2019,Nebraska,Super Regional 8,Oklahoma City,Cornhuskers,Big10,,3,,,
2019,Harvard,Super Regional 8,Oklahoma City,Crimson,Ivy,,4,,,
2021,Arkansas,Super Regional 1,Fayetteville,Razorbacks,SEC,,1,1,H,H
2021,Nebraska,Super Regional 1,Fayetteville,Cornhuskers,Big10,,2,,,
2021,Northeastern,Super Regional 1,Fayetteville,Huskies,Colonial,,3,,,
2021,NJIT,Super Regional 1,Fayetteville,Highlanders,AmEast,,4,,,
2021,Louisiana Tech,Super Regional 1,Ruston,Bulldogs,CUSA,,1,16,H,
2021,NC State,Super Regional 1,Ruston,Wolfpack,ACC,,2,,,
2021,Alabama,Super Regional 1,Ruston,Crimson Tide,SEC,,3,,,
2021,Rider,Super Regional 1,Ruston,Broncs,MAAC,,4,,,
2021,Texas,Super Regional 2,Austin,Longhorns,Big12,,1,2,H,H
2021,Arizona St.,Super Regional 2,Austin,Sun Devils,Pac12,,2,,,
2021,Fairfield,Super Regional 2,Austin,Stags,MAAC,,3,,,
2021,Southern,Super Regional 2,Austin,Jaguars,SWAC,,4,,,
2021,Florida,Super Regional 2,Gainesville,Gators,SEC,,1,15,H,
2021,Miami,Super Regional 2,Gainesville,Hurricanes,ACC,,2,,,
2021,South Alabama,Super Regional 2,Gainesville,Jaguars,SunBelt,,3,,,
2021,South Florida,Super Regional 2,Gainesville,Bulls,American,,4,,,
2021,Oregon,Super Regional 3,Eugene,Ducks,Pac12,,1,14,H,
2021,Gonzaga,Super Regional 3,Eugene,Bulldogs,WCC,,2,,,
2021,LSU,Super Regional 3,Eugene,Tigers,SEC,,3,,,
2021,Central Conn.,Super Regional 3,Eugene,Blue Devils,NEC,,4,,,
2021,Tennessee,Super Regional 3,Knoxville,Volunteers,SEC,,1,3,H,H
2021,Duke,Super Regional 3,Knoxville,Blue Devils,ACC,,2,,,
2021,Liberty,Super Regional 3,Knoxville,Flames,ASUN,,3,,,
2021,Wright St.,Super Regional 3,Knoxville,Raiders,Horizon,,4,,,
2021,East Carolina,Super Regional 4,Greenville,Pirates,American,,1,13,H,
2021,Charlotte,Super Regional 4,Greenville,49ers,CUSA,,2,,,
2021,Maryland,Super Regional 4,Greenville,Terrapins,Big10,,3,,,
2021,Norfolk St.,Super Regional 4,Greenville,Spartans,MEAC,,4,,,
2021,Vanderbilt,Super Regional 4,Nashville,Commodores,SEC,,1,4,H,H
2021,Georgia Tech,Super Regional 4,Nashville,Yellow Jackets,ACC,,2,,,
2021,Indiana St.,Super Regional 4,Nashville,Sycamores,MVC,,3,,,
2021,Presbyterian,Super Regional 4,Nashville,Blue Hose,BigSouth,,4,,,
2021,Mississippi,Super Regional 5,Oxford,Rebels,SEC,,1,12,H,
2021,Southern Miss,Super Regional 5,Oxford,Golden Eagles,CUSA,,2,,,
2021,Florida St.,Super Regional 5,Oxford,Seminoles,ACC,,3,,,
2021,SE Missouri,Super Regional 5,Oxford,Redhawks,OVC,,4,,,
2021,Arizona,Super Regional 5,Tuscon,Wildcats,Pac12,,1,5,H,H
2021,Oklahoma St.,Super Regional 5,Tuscon,Cowboys,Big12,,2,,,
2021,UCSB,Super Regional 5,Tuscon,Guachos,BigWest,,3,,,
2021,Grand Canyon,Super Regional 5,Tuscon,Antelopes,WAC,,4,,,
2021,Old Dominion,Super Regional 6,Columbia,Monarchs,CUSA,,1,11,,
2021,South Carolina,Super Regional 6,Columbia,Gamecocks,SEC,,2,,H,
2021,Virginia,Super Regional 6,Columbia,Cavaliers,ACC,,3,,,
2021,Jacksonville,Super Regional 6,Columbia,Dolphins,ASUN,,4,,,
2021,TCU,Super Regional 6,Fort Worth,Horned Frogs,Big12,,1,6,H,
2021,Oregon St.,Super Regional 6,Fort Worth,Beavers,Pac12,,2,,,
2021,Dallas Baptist,Super Regional 6,Fort Worth,Patriots,MVC,,3,,,
2021,McNeese,Super Regional 6,Fort Worth,Cowboys,Southland,,4,,,
2021,Notre Dame,Super Regional 7,South Bend,Fighting Irish,ACC,,1,10,H,
2021,Connecticut,Super Regional 7,South Bend,Huskies,BigEast,,2,,,
2021,Michigan,Super Regional 7,South Bend,Wolverines,Big10,,3,,,
2021,Central Mich.,Super Regional 7,South Bend,Chippewas,MAC,,4,,,
2021,Miss State,Super Regional 7,Starkville,Bulldogs,SEC,,1,7,H,H
2021,VCU,Super Regional 7,Starkville,Rams,A10,,2,,,
2021,Campbell,Super Regional 7,Starkville,Camels,BigSouth,,3,,,
2021,Samford,Super Regional 7,Starkville,Bulldogs,Southern,,4,,,
2021,Texas Tech,Super Regional 8,Lubbock,Red Raiders,Big12,,1,8,H,H
2021,UCLA,Super Regional 8,Lubbock,Bruins,Pac12,,2,,,
2021,North Carolina,Super Regional 8,Lubbock,Tar Heels,ACC,,3,,,
2021,Army,Super Regional 8,Lubbock,Cadets,Patriot,,4,,,
2021,Stanford,Super Regional 8,Palo Alto,Cardinal,Pac12,,1,9,H,
2021,UC Irvine,Super Regional 8,Palo Alto,Anteaters,BigWest,,2,,,
2021,Nevada,Super Regional 8,Palo Alto,Wolf Pack,MWC,,3,,,
2021,North Dakota St.,Super Regional 8,Palo Alto,Bison,Summit,,4,,,
2022,Tennessee,Super Regional 1,Knoxville,Volunteers,SEC,,1,1,H,H
2022,Georgia Tech,Super Regional 1,Knoxville,Yellow Jackets,ACC,,2,,,
2022,Campbell,Super Regional 1,Knoxville,Camels,BigSouth,,3,,,
2022,Alabama St.,Super Regional 1,Knoxville,Hornets,SWAC,,4,,,
2022,Ga. Southern,Super Regional 1,Statesboro,Eagles,SunBelt,,1,16,H,
2022,Notre Dame,Super Regional 1,Statesboro,Fighting Irish,ACC,,2,,,
2022,Texas Tech,Super Regional 1,Statesboro,Red Raiders,Big12,,3,,,
2022,NC Greensboro,Super Regional 1,Statesboro,Spartans,Southern,,4,,,
2022,Maryland,Super Regional 2,College Park,Terrapins,Big10,,1,15,H,
2022,Wake Forest,Super Regional 2,College Park,Demon Deacons,ACC,,2,,,
2022,Connecticut,Super Regional 2,College Park,Huskies,BigEast,,3,,,
2022,Long Island,Super Regional 2,College Park,Sharks,NEC,,4,,,
2022,Stanford,Super Regional 2,Palo Alto,Cardinal,Pac12,,1,2,H,H
2022,Texas St.,Super Regional 2,Palo Alto,Bobcats,SunBelt,,2,,,
2022,UCSB,Super Regional 2,Palo Alto,Guachos,BigWest,,3,,,
2022,Binghamton,Super Regional 2,Palo Alto,Bearcats,AmEast,,4,,,
2022,Auburn,Super Regional 3,Auburn,Tigers,SEC,,1,14,H,
2022,UCLA,Super Regional 3,Auburn,Bruins,Pac12,,2,,,
2022,Florida St.,Super Regional 3,Auburn,Seminoles,ACC,,3,,,
2022,SE Louisiana,Super Regional 3,Auburn,Lions,Southland,,4,,,
2022,Oregon St.,Super Regional 3,Corvalis,Beavers,Pac12,,1,3,H,H
2022,Vanderbilt,Super Regional 3,Corvalis,Commodores,SEC,,2,,,
2022,San Diego,Super Regional 3,Corvalis,Toreros,WCC,,3,,,
2022,New Mexico St.,Super Regional 3,Corvalis,Aggies,WAC,,4,,,
2022,Virginia Tech,Super Regional 4,Blacksburg,Hokies,ACC,,1,4,H,H
2022,Gonzaga,Super Regional 4,Blacksburg,Bulldogs,WCC,,2,,,
2022,Columbia,Super Regional 4,Blacksburg,Lions,Ivy,,3,,,
2022,Wright St.,Super Regional 4,Blacksburg,Raiders,Horizon,,4,,,
2022,Florida,Super Regional 4,Gainesville,Gators,SEC,,1,13,H,
2022,Oklahoma,Super Regional 4,Gainesville,Sooners,Big12,,2,,,
2022,Liberty,Super Regional 4,Gainesville,Flames,ASUN,,3,,,
2022,Central Mich.,Super Regional 4,Gainesville,Chippewas,MAC,,4,,,
2022,Texas A&M,Super Regional 5,College Station,Aggies,SEC,,1,5,H,H
2022,TCU,Super Regional 5,College Station,Horned Frogs,Big12,,2,,,
2022,Louisiana,Super Regional 5,College Station,Ragin' Cajuns,SunBelt,,3,,,
2022,Oral Roberts,Super Regional 5,College Station,Golden Eagles,Summit,,4,,,
2022,Louisville,Super Regional 5,Louisville,Cardinals,ACC,,1,12,H,
2022,Oregon,Super Regional 5,Louisville,Ducks,Pac12,,2,,,
2022,Michigan,Super Regional 5,Louisville,Wolverines,Big10,,3,,,
2022,SE Missouri,Super Regional 5,Louisville,Redhawks,OVC,,4,,,
2022,Miami,Super Regional 6,Coral Gables,Hurricanes,ACC,,1,6,H,
2022,Arizona,Super Regional 6,Coral Gables,Wildcats,Pac12,,2,,,
2022,Mississippi,Super Regional 6,Coral Gables,Rebels,SEC,,3,,,
2022,Canisius,Super Regional 6,Coral Gables,Golden Griffins,MAAC,,4,,,
2022,Southern Miss,Super Regional 6,Hattiesburg,Golden Eagles,CUSA,,1,11,H,H
2022,LSU,Super Regional 6,Hattiesburg,Tigers,SEC,,2,,,
2022,Kennesaw St.,Super Regional 6,Hattiesburg,Owls,ASUN,,3,,,
2022,Army,Super Regional 6,Hattiesburg,Cadets,Patriot,,4,,,
2022,North Carolina,Super Regional 7,Chapel Hill,Tar Heels,ACC,,1,10,H,H
2022,Georgia,Super Regional 7,Chapel Hill,Bulldogs,SEC,,2,,,
2022,VCU,Super Regional 7,Chapel Hill,Rams,A10,,3,,,
2022,Hofstra,Super Regional 7,Chapel Hill,Pride,Colonial,,4,,,
2022,Oklahoma St.,Super Regional 7,Stillwater,Cowboys,Big12,,1,7,H,
2022,Arkansas,Super Regional 7,Stillwater,Razorbacks,SEC,,2,,,
2022,Grand Canyon,Super Regional 7,Stillwater,Antelopes,WAC,,3,,,
2022,Missouri St.,Super Regional 7,Stillwater,Bears,MVC,,4,,,
2022,Texas,Super Regional 8,Austin,Longhorns,Big12,,1,9,H,
2022,Louisiana Tech,Super Regional 8,Austin,Bulldogs,CUSA,,2,,,
2022,Dallas Baptist,Super Regional 8,Austin,Patriots,MVC,,3,,,
2022,Air Force,Super Regional 8,Austin,Falcons,MWC,,4,,,
2022,East Carolina,Super Regional 8,Greenville,Pirates,American,,1,8,H,H
2022,Virginia,Super Regional 8,Greenville,Cavaliers,ACC,,2,,,
2022,Coastal Carolina,Super Regional 8,Greenville,Chanticleers,SunBelt,,3,,,
2022,Coppin St.,Super Regional 8,Greenville,Eagles,MEAC,,4,,,
2023,Alabama,Super Regional 1,Tuscaloosa,Crimson Tide,SEC,,1,16,H,
2023,Boston College,Super Regional 1,Tuscaloosa,Eagles,ACC,,2,,,
2023,Troy,Super Regional 1,Tuscaloosa,Trojans,SunBelt,,3,,,
2023,Nicholls,Super Regional 1,Tuscaloosa,Colonels,Southland,,4,,,
2023,Wake Forest,Super Regional 1,Winston-Salem,Demon Deacons,ACC,,1,1,H,H
2023,Maryland,Super Regional 1,Winston-Salem,Terrapins,Big10,,2,,,
2023,Northeastern,Super Regional 1,Winston-Salem,Huskies,Colonial,,3,,,
2023,George Mason,Super Regional 1,Winston-Salem,Patriots,A10,,4,,,
2023,South Carolina,Super Regional 2,Columbia,Gamecocks,SEC,,1,15,H,
2023,Campbell,Super Regional 2,Columbia,Camels,BigSouth,,2,,,
2023,NC State,Super Regional 2,Columbia,Wolfpack,ACC,,3,,,
2023,Central Conn.,Super Regional 2,Columbia,Blue Devils,NEC,,4,,,
2023,Florida,Super Regional 2,Gainesville,Gators,SEC,,1,2,H,H
2023,Connecticut,Super Regional 2,Gainesville,Huskies,BigEast,,2,,,
2023,Texas Tech,Super Regional 2,Gainesville,Red Raiders,Big12,,3,,,
2023,Florida A&M,Super Regional 2,Gainesville,Rattlers,SWAC,,4,,,
2023,Arkansas,Super Regional 3,Fayetteville,Razorbacks,SEC,,1,3,H,
2023,TCU,Super Regional 3,Fayetteville,Horned Frogs,Big12,,2,,,H
2023,Arizona,Super Regional 3,Fayetteville,Wildcats,Pac12,,3,,,
2023,Santa Clara,Super Regional 3,Fayetteville,Broncos,WCC,,4,,,
2023,Indiana St.,Super Regional 3,Terre Haute,Sycamores,MVC,,1,14,H,
2023,Iowa,Super Regional 3,Terre Haute,Hawkeyes,Big10,,2,,,
2023,North Carolina,Super Regional 3,Terre Haute,Tar Heels,ACC,,3,,,
2023,Wright St.,Super Regional 3,Terre Haute,Raiders,Horizon,,4,,,
2023,Auburn,Super Regional 4,Auburn,Tigers,SEC,,1,13,H,
2023,Southern Miss,Super Regional 4,Auburn,Golden Eagles,SunBelt,,2,,,H
2023,Samford,Super Regional 4,Auburn,Bulldogs,Southern,,3,,,
2023,Pennsylvania,Super Regional 4,Auburn,Quakers,Ivy,,4,,,
2023,Clemson,Super Regional 4,Clemson,Tigers,ACC,,1,4,H,
2023,Tennessee,Super Regional 4,Clemson,Volunteers,SEC,,2,,,
2023,Charlotte,Super Regional 4,Clemson,49ers,CUSA,,3,,,
2023,Lipscomb,Super Regional 4,Clemson,Bisons,ASUN,,4,,,
2023,LSU,Super Regional 5,Baton Rouge,Tigers,SEC,,1,5,H,H
2023,Oregon St.,Super Regional 5,Baton Rouge,Beavers,Pac12,,2,,,
2023,Sam Houston,Super Regional 5,Baton Rouge,Bearkats,WAC,,3,,,
2023,Tulane,Super Regional 5,Baton Rouge,Green Wave,American,,4,,,
2023,Kentucky,Super Regional 5,Lexington,Wildcats,SEC,,1,12,H,
2023,West Virginia,Super Regional 5,Lexington,Mountaineers,Big12,,2,,,
2023,Indiana,Super Regional 5,Lexington,Hoosiers,Big10,,3,,,
2023,Ball State,Super Regional 5,Lexington,Cardinals,MAC,,4,,,
2023,Vanderbilt,Super Regional 6,Nashville,Commodores,SEC,,1,6,H,
2023,Oregon,Super Regional 6,Nashville,Ducks,Pac12,,2,,,H
2023,Xavier,Super Regional 6,Nashville,Musketeers,BigEast,,3,,,
2023,Eastern Ill.,Super Regional 6,Nashville,Panthers,OVC,,4,,,
2023,Oklahoma St.,Super Regional 6,Stillwater,Cowboys,Big12,,1,11,H,
2023,Dallas Baptist,Super Regional 6,Stillwater,Patriots,CUSA,,2,,,
2023,Washington,Super Regional 6,Stillwater,Huskies,Pac12,,3,,,
2023,Oral Roberts,Super Regional 6,Stillwater,Golden Eagles,Summit,,4,,,
2023,Virginia,Super Regional 7,Charlottesville,Cavaliers,ACC,,1,7,H,H
2023,East Carolina,Super Regional 7,Charlottesville,Pirates,American,,2,,,
2023,Oklahoma,Super Regional 7,Charlottesville,Sooners,Big12,,3,,,
2023,Army,Super Regional 7,Charlottesville,Cadets,Patriot,,4,,,
2023,Coastal Carolina,Super Regional 7,Conway,Chanticleers,SunBelt,,1,10,H,
2023,Duke,Super Regional 7,Conway,Blue Devils,ACC,,2,,,
2023,NC Wilmington,Super Regional 7,Conway,Seahawks,Colonial,,3,,,
2023,Rider,Super Regional 7,Conway,Broncs,MAAC,,4,,,
2023,Miami,Super Regional 8,Coral Gables,Hurricanes,ACC,,1,9,H,
2023,Texas,Super Regional 8,Coral Gables,Longhorns,Big12,,2,,,
2023,Louisiana,Super Regional 8,Coral Gables,Ragin' Cajuns,SunBelt,,3,,,
2023,Maine,Super Regional 8,Coral Gables,Black Bears,AmEast,,4,,,
2023,Stanford,Super Regional 8,Palo Alto,Cardinal,Pac12,,1,8,H,H
2023,Texas A&M,Super Regional 8,Palo Alto,Aggies,SEC,,2,,,
2023,CS Fullerton,Super Regional 8,Palo Alto,Titans,BigWest,,3,,,
2023,San Jose St.,Super Regional 8,Palo Alto,Spartans,MWC,,4,,,
2024,East Carolina,Super Regional 1,Greenville,Pirates,American,,1,16,H,
2024,Wake Forest,Super Regional 1,Greenville,Demon Deacons,ACC,,2,,,
2024,VCU,Super Regional 1,Greenville,Rams,A10,,3,,,
2024,Evansville,Super Regional 1,Greenville,Aces,MVC,,4,,,
2024,Tennessee,Super Regional 1,Knoxville,Volunteers,SEC,,1,1,H,H
2024,Southern Miss,Super Regional 1,Knoxville,Golden Eagles,SunBelt,,2,,,
2024,Indiana,Super Regional 1,Knoxville,Hoosiers,Big10,,3,,,
2024,Northern Ky.,Super Regional 1,Knoxville,Norse,Horizon,,4,,,
2024,Oregon St.,Super Regional 2,Corvalis,Beavers,Pac12,,1,15,H,
2024,UC Irvine,Super Regional 2,Corvalis,Anteaters,BigWest,,2,,,
2024,Nicholls,Super Regional 2,Corvalis,Colonels,Southland,,3,,,
2024,Tulane,Super Regional 2,Corvalis,Green Wave,American,,4,,,
2024,Kentucky,Super Regional 2,Lexington,Wildcats,SEC,,1,2,H,H
2024,Indiana St.,Super Regional 2,Lexington,Sycamores,MVC,,2,,,
2024,Illinois,Super Regional 2,Lexington,Fighting Illini,Big10,,3,,,
2024,Western Mich.,Super Regional 2,Lexington,Broncos,MAC,,4,,,
2024,Texas A&M,Super Regional 3,College Station,Aggies,SEC,,1,3,H,H
2024,Louisiana,Super Regional 3,College Station,Ragin' Cajuns,SunBelt,,2,,,
2024,Texas,Super Regional 3,College Station,Longhorns,Big12,,3,,,
2024,Grambling,Super Regional 3,College Station,Tigers,SWAC,,4,,,
2024,UCSB,Super Regional 3,Santa Barbara,Guachos,BigWest,,1,14,H,
2024,San Diego,Super Regional 3,Santa Barbara,Toreros,WCC,,2,,,
2024,Oregon,Super Regional 3,Santa Barbara,Ducks,Pac12,,3,,,
2024,Fresno St.,Super Regional 3,Santa Barbara,Bulldogs,MWC,,4,,,
2024,North Carolina,Super Regional 4,Chapel Hill,Tar Heels,ACC,,1,4,H,H
2024,LSU,Super Regional 4,Chapel Hill,Tigers,SEC,,2,,,
2024,Wofford,Super Regional 4,Chapel Hill,Terriers,Southern,,3,,,
2024,Long Island,Super Regional 4,Chapel Hill,Sharks,NEC,,4,,,
2024,Arizona,Super Regional 4,Tucson,Wildcats,Pac12,,1,13,H,
2024,Dallas Baptist,Super Regional 4,Tucson,Patriots,CUSA,,2,,,
2024,West Virginia,Super Regional 4,Tucson,Mountaineers,Big12,,3,,,
2024,Grand Canyon,Super Regional 4,Tucson,Antelopes,WAC,,4,,,
2024,Virginia,Super Regional 5,Charlottesville,Cavaliers,ACC,,1,12,H,H
2024,Miss State,Super Regional 5,Charlottesville,Bulldogs,SEC,,2,,,
2024,St. John's,Super Regional 5,Charlottesville,Red Storm,BigEast,,3,,,
2024,Pennsylvania,Super Regional 5,Charlottesville,Quakers,Ivy,,4,,,
2024,Arkansas,Super Regional 5,Fayetteville,Razorbacks,SEC,,1,5,H,
2024,Louisiana Tech,Super Regional 5,Fayetteville,Bulldogs,CUSA,,2,,,
2024,Kansas St.,Super Regional 5,Fayetteville,Wildcats,Big12,,3,,,
2024,SE Missouri,Super Regional 5,Fayetteville,Redhawks,OVC,,4,,,
2024,Clemson,Super Regional 6,Clemson,Tigers,ACC,,1,6,H,H
2024,Vanderbilt,Super Regional 6,Clemson,Commodores,SEC,,2,,,
2024,Coastal Carolina,Super Regional 6,Clemson,Chanticleers,SunBelt,,3,,,
2024,High Point,Super Regional 6,Clemson,Panthers,BigSouth,,4,,,
2024,Oklahoma St.,Super Regional 6,Stillwater,Cowboys,Big12,,1,11,H,
2024,Nebraska,Super Regional 6,Stillwater,Cornhuskers,Big10,,2,,,
2024,Florida,Super Regional 6,Stillwater,Gators,SEC,,3,,,
2024,Niagara,Super Regional 6,Stillwater,Purple Eagles,MAAC,,4,,,
2024,Georgia,Super Regional 7,Athens,Bulldogs,SEC,,1,7,H,H
2024,NC Wilmington,Super Regional 7,Athens,Seahawks,Colonial,,2,,,
2024,Georgia Tech,Super Regional 7,Athens,Yellow Jackets,ACC,,3,,,
2024,Army,Super Regional 7,Athens,Cadets,Patriot,,4,,,
2024,NC State,Super Regional 7,Raleigh,Wolfpack,ACC,,1,10,H,
2024,South Carolina,Super Regional 7,Raleigh,Gamecocks,SEC,,2,,,
2024,James Madison,Super Regional 7,Raleigh,Dukes,SunBelt,,3,,,
2024,Bryant,Super Regional 7,Raleigh,Bulldogs,AmEast,,4,,,
2024,Oklahoma,Super Regional 8,Norman,Sooners,Big12,,1,9,H,
2024,Duke,Super Regional 8,Norman,Blue Devils,ACC,,2,,,
2024,Connecticut,Super Regional 8,Norman,Huskies,BigEast,,3,,,
2024,Oral Roberts,Super Regional 8,Norman,Golden Eagles,Summit,,4,,,
2024,Florida St.,Super Regional 8,Tallahassee,Seminoles,ACC,,1,8,H,H
2024,Alabama,Super Regional 8,Tallahassee,Crimson Tide,SEC,,2,,,
2024,UCF,Super Regional 8,Tallahassee,Golden Knights,Big12,,3,,,
2024,Stetson,Super Regional 8,Tallahassee,Hatters,ASUN,,4,,,
2025,Vanderbilt,Super Regional 1,Nashville,Commodores,,,1,1,H,
2025,Louisville,Super Regional 1,Nashville,Cardinals,,,2,,,H
2025,ETSU,Super Regional 1,Nashville,Buccaneers,,,3,,,
2025,Wright St.,Super Regional 1,Nashville,Raiders,,,4,,,
2025,Southern Miss,Super Regional 1,Hattiesburg,Golden Eagles,,,1,16,H,
2025,Alabama,Super Regional 1,Hattiesburg,Crimson Tide,,,2,,,
2025,Miami,Super Regional 1,Hattiesburg,Hurricanes,,,3,,,
2025,Columbia,Super Regional 1,Hattiesburg,Lions,,,4,,,
2025,Texas,Super Regional 2,Austin,Longhorns,,,1,2,H,
2025,UTSA,Super Regional 2,Austin,Roadrunners,,,2,,,
2025,Kansas St.,Super Regional 2,Austin,Wildcats,,,3,,,
2025,Houston Christian,Super Regional 2,Austin,Huskies,,,4,,,
2025,UCLA,Super Regional 2,Los Angeles,Bruins,,,1,15,H,H
2025,UC Irvine,Super Regional 2,Los Angeles,Anteaters,,,2,,,
2025,Arizona St.,Super Regional 2,Los Angeles,Sun Devils,,,3,,,
2025,Fresno St.,Super Regional 2,Los Angeles,Bulldogs,,,4,,,
2025,Arkansas,Super Regional 3,Fayetteville,Razorbacks,,,1,3,H,H
2025,Kansas,Super Regional 3,Fayetteville,Jayhawks,,,2,,,
2025,Creighton,Super Regional 3,Fayetteville,Bluejays,,,3,,,
2025,North Dakota St.,Super Regional 3,Fayetteville,Bison,,,4,,,
2025,Tennessee,Super Regional 3,Knoxville,Volunteers,,,1,14,H,
2025,Wake Forest,Super Regional 3,Knoxville,Demon Deacons,,,2,,,
2025,Cincinnati,Super Regional 3,Knoxville,Bearcats,,,3,,,
2025,Miami Ohio,Super Regional 3,Knoxville,Redhawks,,,4,,,
2025,Auburn,Super Regional 4,Auburn,Tigers,,,1,4,H,H
2025,NC State,Super Regional 4,Auburn,Wolfpack,,,2,,,
2025,Stetson,Super Regional 4,Auburn,Hatters,,,3,,,
2025,Central Conn.,Super Regional 4,Auburn,Blue Devils,,,4,,,
2025,Coastal Carolina,Super Regional 4,Conway,Chanticleers,,,1,13,H,
2025,Florida,Super Regional 4,Conway,Gators,,,2,,,
2025,East Carolina,Super Regional 4,Conway,Pirates,,,3,,,
2025,Fairfield,Super Regional 4,Conway,Stags,,,4,,,
2025,North Carolina,Super Regional 5,Chapel Hill,Tar Heels,,,1,5,H,H
2025,Oklahoma,Super Regional 5,Chapel Hill,Sooners,,,2,,,
2025,Nebraska,Super Regional 5,Chapel Hill,Cornhuskers,,,3,,,
2025,Holy Cross,Super Regional 5,Chapel Hill,Crusaders,,,4,,,
2025,Oregon,Super Regional 5,Eugene,Ducks,,,1,12,H,
2025,Arizona,Super Regional 5,Eugene,Wildcats,,,2,,,
2025,Cal Poly,Super Regional 5,Eugene,Mustangs,,,3,,,
2025,Utah Valley,Super Regional 5,Eugene,Wolverines,,,4,,,
2025,LSU,Super Regional 6,Baton Rouge,Tigers,,,1,6,H,H
2025,Dallas Baptist,Super Regional 6,Baton Rouge,Patriots,,,2,,,
2025,Rhode Island,Super Regional 6,Baton Rouge,Rams,,,3,,,
2025,Little Rock,Super Regional 6,Baton Rouge,Trojans,,,4,,,
2025,Clemson,Super Regional 6,Clemson,Tigers,,,1,11,H,
2025,West Virginia,Super Regional 6,Clemson,Mountaineers,,,2,,,
2025,Kentucky,Super Regional 6,Clemson,Wildcats,,,3,,,
2025,SC Upstate,Super Regional 6,Clemson,Spartans,,,4,,,
2025,Georgia,Super Regional 7,Athens,Bulldogs,,,1,7,H,
2025,Duke,Super Regional 7,Athens,Blue Devils,,,2,,,H
2025,Oklahoma St.,Super Regional 7,Athens,Cowboys,,,3,,,
2025,Binghamton,Super Regional 7,Athens,Bearcats,,,4,,,
2025,Mississippi,Super Regional 7,Oxford,Rebels,,,1,10,H,
2025,Georgia Tech,Super Regional 7,Oxford,Yellow Jackets,,,2,,,
2025,Western Ky.,Super Regional 7,Oxford,Hilltoppers,,,3,,,
2025,Murray St.,Super Regional 7,Oxford,Racers,,,4,,,
2025,Oregon St.,Super Regional 8,Corvalis,Beavers,,,1,8,H,H
2025,TCU,Super Regional 8,Corvalis,Horned Frogs,,,2,,,
2025,USC,Super Regional 8,Corvalis,Trojans,,,3,,,
2025,St. Mary's,Super Regional 8,Corvalis,Gaels,,,4,,,
2025,Florida St.,Super Regional 8,Tallahassee,Seminoles,,,1,9,H,
2025,Northeastern,Super Regional 8,Tallahassee,Huskies,,,2,,,
2025,Miss State,Super Regional 8,Tallahassee,Bulldogs,,,3,,,
2025,Bethune Cookman,Super Regional 8,Tallahassee,Wildcats,,,4,,,
2026,UCLA,Super Regional 1,Los Angeles,Bruins,,,1,1,H,
2026,Virginia Tech,Super Regional 1,Los Angeles,Hokies,,,2,,,H
2026,Cal Poly,Super Regional 1,Los Angeles,Mustangs,,,3,,,
2026,St. Mary's,Super Regional 1,Los Angeles,Gaels,,,4,,,
2026,West Virginia,Super Regional 1,Morgantown,Mountaineers,,,1,16,H,
2026,Wake Forest,Super Regional 1,Morgantown,Demon Deacons,,,2,,,
2026,Kentucky,Super Regional 1,Morgantown,Wildcats,,,3,,,
2026,Binghamton,Super Regional 1,Morgantown,Bearcats,,,4,,,
2026,Georgia Tech,Super Regional 2,Atlanta,Yellow Jackets,,,1,2,H,
2026,Oklahoma,Super Regional 2,Atlanta,Sooners,,,2,,,
2026,Citadel,Super Regional 2,Atlanta,Bulldogs,,,3,,,
2026,UIC,Super Regional 2,Atlanta,Flames,,,4,,,
2026,Kansas,Super Regional 2,Lawrence,Jayhawks,,,1,15,H,H
2026,Arkansas,Super Regional 2,Lawrence,Razorbacks,,,2,,,
2026,Missouri St.,Super Regional 2,Lawrence,Bears,,,3,,,
2026,Northeastern,Super Regional 2,Lawrence,Huskies,,,4,,,
2026,Georgia,Super Regional 3,Athens,Bulldogs,,,1,3,H,H
2026,Boston College,Super Regional 3,Athens,Eagles,,,2,,,
2026,Liberty,Super Regional 3,Athens,Flames,,,3,,,
2026,Long Island,Super Regional 3,Athens,Sharks,,,4,,,
2026,Miss State,Super Regional 3,Starkville,Bulldogs,,,1,14,H,
2026,Cincinnati,Super Regional 3,Starkville,Bearcats,,,2,,,
2026,Louisiana,Super Regional 3,Starkville,Ragin' Cajuns,,,3,,,
2026,Lipscomb,Super Regional 3,Starkville,Bisons,,,4,,,
2026,Auburn,Super Regional 4,Auburn,Tigers,,,1,4,H,H
2026,UCF,Super Regional 4,Auburn,Golden Knights,,,2,,,
2026,NC State,Super Regional 4,Auburn,Wolfpack,,,3,,,
2026,Milwaukee,Super Regional 4,Auburn,Panthers,,,4,,,
2026,Nebraska,Super Regional 4,Lincoln,Cornhuskers,,,1,13,H,
2026,Mississippi,Super Regional 4,Lincoln,Rebels,,,2,,,
2026,Arizona St.,Super Regional 4,Lincoln,Sun Devils,,,3,,,
2026,South Dakota St.,Super Regional 4,Lincoln,Jackrabbits,,,4,,,
2026,North Carolina,Super Regional 5,Chapel Hill,Tar Heels,,,1,5,H,H
2026,Tennessee,Super Regional 5,Chapel Hill,Volunteers,,,2,,,
2026,East Carolina,Super Regional 5,Chapel Hill,Pirates,,,3,,,
2026,VCU,Super Regional 5,Chapel Hill,Rams,,,4,,,
2026,Texas A&M,Super Regional 5,College Station,Aggies,,,1,12,H,
2026,USC,Super Regional 5,College Station,Trojans,,,2,,,
2026,Texas St.,Super Regional 5,College Station,Bobcats,,,3,,,
2026,Lamar,Super Regional 5,College Station,Cardinals,,,4,,,
2026,Texas,Super Regional 6,Austin,Longhorns,,,1,6,H,H
2026,UCSB,Super Regional 6,Austin,Gauchos,,,2,,,
2026,Tarleton,Super Regional 6,Austin,Texans,,,3,,,
2026,Holy Cross,Super Regional 6,Austin,Crusaders,,,4,,,
2026,Oregon,Super Regional 6,Eugene,Ducks,,,1,11,H,
2026,Oregon St.,Super Regional 6,Eugene,Beavers,,,2,,,
2026,Washington St.,Super Regional 6,Eugene,Cougars,,,3,,,
2026,Yale,Super Regional 6,Eugene,Bulldogs,,,4,,,
2026,Alabama,Super Regional 7,Tuscaloosa,Crimson Tide,,,1,7,H,
2026,Oklahoma St.,Super Regional 7,Tuscaloosa,Cowboys,,,2,,,H
2026,SC Upstate,Super Regional 7,Tuscaloosa,Spartans,,,3,,,
2026,Alabama St.,Super Regional 7,Tuscaloosa,Hornets,,,4,,,
2026,Florida St.,Super Regional 7,Tallahassee,Seminoles,,,1,10,H,
2026,Coastal Carolina,Super Regional 7,Tallahassee,Chanticleers,,,2,,,
2026,Northern Ill.,Super Regional 7,Tallahassee,Huskies,,,3,,,
2026,St. John's,Super Regional 7,Tallahassee,Red Storm,,,4,,,
2026,Florida,Super Regional 8,Gainesville,Gators,,,1,8,H,H
2026,Miami,Super Regional 8,Gainesville,Hurricanes,,,2,,,
2026,Troy,Super Regional 8,Gainesville,Trojans,,,3,,,
2026,Rider,Super Regional 8,Gainesville,Broncs,,,4,,,
2026,Southern Miss,Super Regional 8,Hattiesburg,Golden Eagles,,,1,9,H,
2026,Virginia,Super Regional 8,Hattiesburg,Cavaliers,,,2,,,
2026,Jacksonville St.,Super Regional 8,Hattiesburg,Gamecocks,,,3,,,
2026,Little Rock,Super Regional 8,Hattiesburg,Trojans,,,4,,,
